# Blender 4.2.1 LTS
# www.blender.org
o control_board.001
v -24.268833 -73.176682 46.385658
v -14.962469 -73.176674 46.385658
v -14.962458 -73.176674 53.790802
v -24.268833 -73.176682 53.790802
v -24.268837 -73.976677 46.385658
v -14.962473 -73.976677 46.385658
v -24.268833 -73.976669 53.790802
v -14.962463 -73.976677 53.790802
v -36.173492 -73.816673 74.600098
v -33.107666 -73.816711 74.600098
v -33.107655 -73.816696 66.350349
v -36.173477 -73.816666 60.199154
v 33.107513 -73.816505 74.600098
v 36.173470 -73.816666 74.600098
v 16.892479 -73.816658 74.600098
v -55.826534 -73.816673 74.600098
v -55.826534 -73.816673 60.199154
v 55.826523 -73.816666 74.600098
v 55.826523 -73.816666 60.199154
v 36.173485 -73.816673 60.199154
v 33.107529 -73.816521 66.350349
v 16.892500 -73.816673 66.350349
v -16.892321 -73.816551 66.350349
v -16.892330 -73.816559 74.600098
v 55.826523 -73.976669 60.199154
v 36.173485 -73.976669 60.199154
v -55.826527 -73.976669 74.600098
v -36.173492 -73.976669 74.600098
v -55.826527 -73.976669 60.199154
v 55.826523 -73.976669 74.600098
v 36.173470 -73.976662 74.600098
v 33.107510 -73.976501 74.600098
v 33.107529 -73.976517 66.350349
v -36.173477 -73.976662 60.199154
v 16.892479 -73.976654 74.600098
v 16.892500 -73.976669 66.350349
v -16.892326 -73.976555 74.600098
v -16.892317 -73.976547 66.350349
v -33.107666 -73.976715 74.600098
v -33.107651 -73.976700 66.350349
v 12.083126 -74.016678 33.777126
v 12.150358 -74.016670 34.028049
v 12.334055 -74.016670 34.211742
v 12.584986 -74.016678 34.278980
v -12.083141 -74.009674 33.777122
v -12.150373 -74.009666 34.028053
v -12.584995 -74.009674 34.278980
v -12.334066 -74.009666 34.211742
v 12.083130 -74.016678 31.369608
v 12.150368 -74.016678 31.118675
v 12.584990 -74.016678 30.867752
v 12.334063 -74.016678 30.934986
v -12.083139 -74.009674 31.369606
v -12.150368 -74.009674 31.118679
v -12.334061 -74.009674 30.934986
v -12.584990 -74.009674 30.867752
v 21.870186 -70.324295 29.456497
v 22.372042 -69.832123 29.358419
v 22.121120 -70.258362 29.443356
v 22.304804 -70.078209 29.407459
v -18.440121 -74.009674 30.867752
v -18.691044 -74.009674 30.934986
v -18.874733 -74.009682 31.118679
v -18.941965 -74.009674 31.369606
v -18.440113 -74.009674 34.278980
v -18.691036 -74.009674 34.211742
v -18.941957 -74.009666 33.777122
v -18.874729 -74.009674 34.028053
v -22.372051 -69.832108 29.358419
v -21.870193 -70.324287 29.456497
v -22.304811 -70.078201 29.407459
v -22.121128 -70.258347 29.443356
v 14.887962 -69.832115 29.358419
v 15.389814 -70.324287 29.456497
v 14.955198 -70.078201 29.407457
v 15.138891 -70.258354 29.443354
v 18.440102 -74.016678 34.278980
v 18.691031 -74.016670 34.211742
v 18.874720 -74.016678 34.028049
v 18.941956 -74.016670 33.777126
v 18.440098 -74.016678 30.867752
v 18.691027 -74.016678 30.934986
v 18.941954 -74.016670 31.369606
v 18.874720 -74.016678 31.118675
v 22.372038 -67.439102 28.881567
v 21.870186 -66.946922 28.783491
v 22.304804 -67.193016 28.832531
v 22.121109 -67.012863 28.796629
v -21.870199 -66.946915 28.783491
v -22.372051 -67.439102 28.881567
v -22.121126 -67.012863 28.796631
v -22.304823 -67.193008 28.832531
v 15.389820 -66.946930 28.783491
v 14.887966 -67.439102 28.881567
v 15.138887 -67.012863 28.796629
v 14.955198 -67.193008 28.832527
v -14.887968 -67.439095 28.881567
v -15.389818 -66.946915 28.783491
v -14.955202 -67.193008 28.832527
v -15.138887 -67.012856 28.796629
v -15.389824 -70.324280 29.456497
v -14.887972 -69.832115 29.358419
v -15.138905 -70.258347 29.443354
v -14.955206 -70.078194 29.407457
v 18.941961 -73.764671 31.369606
v 18.440102 -73.764671 30.867752
v 18.874723 -73.764671 31.118675
v 18.691034 -73.764679 30.934986
v 18.440107 -73.764671 34.278980
v 18.941961 -73.764671 33.777126
v 18.691034 -73.764679 34.211742
v 18.874727 -73.764679 34.028049
v -18.440121 -73.757675 30.867752
v -18.941977 -73.757683 31.369606
v -18.691046 -73.757675 30.934986
v -18.874739 -73.757675 31.118679
v -18.941969 -73.757668 33.777122
v -18.440119 -73.757675 34.278976
v -18.874737 -73.757675 34.028049
v -18.691036 -73.757675 34.211739
v -12.083143 -73.757675 31.369606
v -12.584991 -73.757675 30.867752
v -12.150373 -73.757675 31.118679
v -12.334068 -73.757675 30.934986
v 12.584993 -73.764679 30.867752
v 12.083136 -73.764671 31.369606
v 12.334074 -73.764679 30.934986
v 12.150373 -73.764671 31.118675
v 12.083132 -73.764671 33.777126
v 12.584990 -73.764671 34.278980
v 12.150368 -73.764671 34.028049
v 12.334064 -73.764679 34.211742
v -12.585001 -73.757675 34.278976
v -12.083145 -73.757675 33.777122
v -12.334068 -73.757675 34.211739
v -12.150381 -73.757675 34.028049
v 15.389822 -70.379013 29.181894
v 15.138893 -70.313072 29.168753
v 14.887970 -69.886833 29.083818
v 14.955210 -70.132927 29.132854
v 21.870192 -70.379013 29.181894
v 22.121124 -70.313080 29.168755
v 22.304815 -70.132927 29.132858
v 22.372049 -69.886841 29.083818
v 21.870197 -67.001648 28.508890
v 22.121124 -67.067581 28.522030
v 22.372046 -67.493820 28.606966
v 22.304817 -67.247734 28.557926
v 15.389824 -67.001640 28.508890
v 15.138899 -67.067574 28.522030
v 14.955212 -67.247726 28.557924
v 14.887966 -67.493820 28.606966
v -14.887953 -69.886833 29.083818
v -14.955191 -70.132912 29.132858
v -15.389809 -70.379005 29.181898
v -15.138884 -70.313065 29.168753
v -22.372032 -69.886826 29.083818
v -22.304794 -70.132919 29.132858
v -22.121105 -70.313065 29.168758
v -21.870174 -70.379013 29.181898
v -15.389807 -67.001633 28.508892
v -15.138870 -67.067574 28.522032
v -14.887943 -67.493805 28.606966
v -14.955187 -67.247726 28.557924
v -21.870188 -67.001640 28.508892
v -22.121105 -67.067566 28.522032
v -22.304802 -67.247726 28.557932
v -22.372028 -67.493805 28.606966
v 34.338219 -73.656517 61.087257
v 34.338219 -73.656517 65.442123
v -34.338425 -73.656723 61.087257
v -34.338428 -73.656723 65.442123
v -25.835913 -73.656677 61.087261
v -24.164143 -73.656677 61.087261
v -15.661564 -73.656540 61.087257
v 15.661705 -73.656670 61.087261
v 24.164154 -73.656662 61.087261
v 25.835930 -73.656662 61.087261
v 25.835941 -73.656677 65.442123
v 24.164169 -73.656685 65.442123
v 15.661716 -73.656693 65.442123
v -15.661556 -73.656540 65.442123
v -24.164124 -73.656670 65.442123
v -25.835899 -73.656670 65.442123
v 34.538219 -73.976517 60.887260
v 34.538216 -73.976517 65.642128
v -34.538422 -73.976723 65.642128
v -34.538422 -73.976723 60.887253
v -25.635921 -73.976685 60.887260
v -24.364145 -73.976692 60.887260
v -15.461567 -73.976547 60.887260
v 15.461710 -73.976677 60.887260
v 24.364159 -73.976669 60.887260
v 25.635935 -73.976669 60.887260
v 25.635946 -73.976685 65.642136
v 24.364164 -73.976685 65.642136
v 15.461712 -73.976685 65.642136
v -15.461555 -73.976547 65.642128
v -24.364122 -73.976677 65.642136
v -25.635904 -73.976677 65.642136
v 34.538208 -73.656509 60.887260
v 34.538208 -73.656509 65.642136
v -34.538422 -73.656723 65.642128
v -34.538422 -73.656723 60.887253
v -25.635914 -73.656677 60.887260
v -24.364140 -73.656677 60.887260
v -15.461567 -73.656540 60.887260
v 15.461712 -73.656677 60.887260
v 24.364153 -73.656670 60.887260
v 25.635925 -73.656662 60.887260
v 25.635942 -73.656685 65.642136
v 24.364168 -73.656693 65.642136
v 15.461718 -73.656693 65.642136
v -15.461559 -73.656540 65.642136
v -24.364119 -73.656670 65.642136
v -25.635899 -73.656662 65.642136
v 34.338242 -73.856514 61.087261
v 34.338242 -73.856514 65.442123
v -34.338421 -73.856720 65.442123
v -34.338413 -73.856720 61.087257
v -25.835915 -73.856682 61.087261
v -24.164139 -73.856682 61.087261
v -15.661566 -73.856544 61.087261
v 15.661716 -73.856674 61.087261
v 24.164158 -73.856659 61.087261
v 25.835953 -73.856659 61.087261
v 25.835968 -73.856682 65.442123
v 24.164179 -73.856689 65.442123
v 15.661728 -73.856689 65.442123
v -15.661560 -73.856544 65.442123
v -24.164127 -73.856674 65.442123
v -25.835903 -73.856674 65.442123
v 12.599998 -68.127182 28.763767
v -12.600008 -68.127182 28.763767
v -12.600000 -55.349152 26.217499
v 12.599997 -55.349152 26.217499
v 8.399996 -68.127182 28.763767
v 8.399994 -55.349152 26.217499
v -8.400007 -68.127182 28.763767
v -8.400000 -55.349152 26.217499
v -8.400002 -68.029465 29.254128
v -12.600000 -68.029465 29.254128
v -8.400002 -55.251442 26.707857
v -12.600004 -55.251442 26.707857
v 12.599993 -68.029465 29.254128
v 8.399994 -68.029465 29.254128
v 12.599997 -55.251442 26.707857
v 8.399996 -55.251442 26.707857
v 13.919815 -71.879471 29.511482
v -14.080204 -71.879456 29.511482
v -14.080198 -51.596870 25.469786
v 13.919802 -51.596870 25.469786
v 13.919804 -51.548016 25.714966
v 13.919807 -71.830605 29.756659
v -14.080193 -71.830597 29.756659
v -14.080196 -51.548016 25.714966
v 13.864637 -73.656670 74.100105
v -13.704262 -73.656670 74.100105
v -13.704258 -73.656677 46.885662
v 13.864637 -73.656670 46.885662
v -14.204269 -73.976677 46.385658
v 14.364639 -73.976669 46.385658
v -14.204260 -73.976669 74.600105
v 14.364637 -73.976669 74.600105
v -14.204260 -73.656670 46.385662
v 14.364637 -73.656670 46.385662
v -14.204264 -73.656677 74.600105
v 14.364637 -73.656670 74.600105
v -13.704262 -73.856674 46.885658
v 13.864639 -73.856674 46.885658
v -13.704260 -73.856674 74.100105
v 13.864630 -73.856667 74.100105
v 24.264114 -73.656693 58.726345
v 25.735889 -73.656693 58.726345
v 25.735870 -73.656662 53.773655
v 24.264095 -73.656677 53.773655
v 34.035316 -73.656670 58.726345
v 25.635891 -73.976669 53.583836
v 24.364126 -73.976685 58.916164
v -10.647795 -73.656670 39.718296
v -5.323895 -73.656677 45.281704
v -10.647797 -73.656670 38.781708
v 5.323898 -73.656670 39.718296
v 10.647806 -73.656677 33.218304
v 5.323906 -73.656670 38.781708
v -5.323902 -73.656677 38.781708
v -5.323898 -73.656677 33.218304
v 5.323906 -73.656677 33.218304
v 10.647808 -73.976669 45.281704
v 5.323910 -73.976669 33.218304
v -10.647804 -73.976677 45.281704
v 10.647810 -73.976669 39.718296
v 25.635900 -73.976685 58.916164
v 24.364109 -73.976669 53.583836
v 34.135323 -73.976669 58.916164
v 34.135323 -73.976669 53.583836
v 15.864697 -73.976685 53.583836
v -5.323902 -73.656677 39.718296
v 10.647797 -73.656670 45.281704
v 5.323898 -73.656670 45.281704
v -10.647804 -73.656677 33.218304
v -10.647804 -73.656677 45.281704
v 10.647799 -73.656670 39.718296
v 34.035309 -73.656670 53.773655
v 10.647810 -73.656670 38.781708
v -10.647800 -73.976669 39.718296
v -5.323902 -73.976669 39.718296
v 5.323910 -73.976669 45.281704
v -10.647800 -73.976669 38.781708
v -10.647802 -73.976677 33.218304
v 10.647806 -73.976677 33.218304
v -5.323902 -73.976669 45.281704
v 15.964676 -73.656685 53.773655
v 5.323902 -73.976669 39.718296
v 15.964678 -73.656693 58.726345
v -5.323902 -73.976669 38.781708
v 10.647810 -73.976669 38.781708
v 5.323902 -73.976669 38.781708
v -5.323902 -73.976669 33.218304
v 15.864697 -73.976700 58.916164
v -23.861580 -73.656670 40.696709
v -19.678431 -73.656677 40.696709
v -16.986847 -73.656670 40.696709
v -12.803686 -73.656670 40.696709
v 12.803680 -73.656670 40.696709
v 16.986835 -73.656662 40.696709
v 19.678413 -73.656670 40.696709
v 23.861570 -73.656670 40.696709
v 23.861574 -73.656677 43.595482
v 19.678421 -73.656677 43.595482
v 16.986841 -73.656677 43.595482
v 12.803682 -73.656677 43.595482
v -12.803690 -73.656677 43.595482
v -16.986845 -73.656670 43.595482
v -19.678429 -73.656677 43.595482
v -23.861584 -73.656677 43.595482
v -17.186846 -73.976677 39.321171
v -12.603689 -73.976677 39.321171
v 19.478409 -73.976669 39.321171
v 24.061565 -73.976669 39.321171
v 24.061569 -73.976677 43.795479
v 19.478420 -73.976685 43.795479
v 17.186842 -73.976677 43.795479
v 12.603685 -73.976685 43.795479
v -12.603689 -73.976677 43.795479
v -17.186846 -73.976677 43.795479
v -19.478424 -73.976677 43.795479
v -24.061581 -73.976669 43.795479
v -19.478426 -73.976677 39.321171
v 12.603683 -73.976677 39.321171
v 17.186834 -73.976669 39.321171
v -24.061577 -73.976669 39.321171
v -17.186852 -73.656677 39.321171
v -12.603691 -73.656677 39.321171
v 19.478413 -73.656677 39.321171
v 24.061569 -73.656677 39.321171
v 24.061569 -73.656677 43.795479
v 19.478416 -73.656677 43.795479
v 17.186842 -73.656677 43.795479
v 12.603683 -73.656677 43.795479
v -12.603689 -73.656677 43.795479
v -17.186846 -73.656677 43.795479
v -19.478426 -73.656677 43.795479
v -24.061577 -73.656670 43.795479
v -19.478432 -73.656677 39.321171
v 12.603683 -73.656677 39.321171
v 17.186842 -73.656670 39.321171
v -24.061577 -73.656670 39.321171
v -16.777695 -73.856674 40.696709
v -13.012852 -73.856674 40.696709
v 19.887571 -73.856667 40.696709
v 23.652418 -73.856674 40.696709
v 23.652414 -73.856682 43.595482
v 19.887573 -73.856674 43.595482
v 16.777683 -73.856674 43.595482
v 13.012842 -73.856682 43.595482
v -13.012850 -73.856682 43.595482
v -16.777687 -73.856674 43.595482
v -19.887587 -73.856674 43.595482
v -23.652426 -73.856674 43.595482
v -19.887594 -73.856674 40.696709
v 13.012844 -73.856674 40.696709
v 16.777683 -73.856674 40.696709
v -23.652428 -73.856674 40.696709
v -2.091583 -73.656670 35.560650
v 2.091572 -73.656662 35.560650
v 2.091572 -73.656677 38.459419
v -2.091587 -73.656677 38.459419
v 2.291576 -73.976685 38.659416
v -2.291588 -73.976685 38.659416
v -2.291588 -73.976677 34.185108
v 2.291569 -73.976669 34.185108
v 2.291569 -73.656677 38.659416
v -2.291588 -73.656677 38.659416
v -2.291588 -73.656670 34.185108
v 2.291569 -73.656662 34.185108
v 1.882412 -73.856674 38.459419
v -1.882427 -73.856674 38.459419
v -1.882427 -73.856674 35.560646
v 1.882408 -73.856667 35.560646
v 61.562603 -73.823174 59.508038
v 61.562603 -73.823174 60.008038
v 61.562603 -74.323166 59.508038
v 61.562603 -74.323166 60.008038
v 35.533340 -73.823174 59.508038
v 35.533340 -74.323174 59.508038
v 35.033340 -73.823181 59.508038
v 35.033340 -74.323174 59.508038
v 35.033340 -73.823181 31.534723
v 35.033340 -74.323174 31.534723
v 14.205553 -73.823174 59.508038
v 14.205553 -73.823174 60.008038
v 14.205555 -74.323166 59.508038
v 14.205555 -74.323166 60.008038
v 35.533340 -73.823174 31.034723
v 35.533340 -74.323174 31.034723
v 27.719416 -73.823174 31.034723
v 27.719418 -74.323166 31.034723
v 27.219416 -73.823174 31.534723
v 27.219414 -74.323166 31.534723
v 27.719416 -73.823174 30.125507
v 27.219416 -73.823174 30.125507
v 27.719416 -73.823174 29.625507
v 27.719418 -74.323166 29.625507
v 27.219416 -73.823174 29.625507
v 27.219414 -74.323166 29.625507
v 27.719418 -51.038372 25.205950
v 27.219419 -51.038376 25.205950
v 27.719418 -51.038372 24.705950
v 27.219419 -51.038376 24.705950
v 2.557384 -74.323166 39.460815
v 2.557388 -73.823174 39.460815
v 3.057392 -73.823166 39.460815
v 3.057392 -74.323166 39.460815
v 2.557388 -73.823174 38.960819
v 2.557384 -74.323166 38.960819
v 2.557388 -73.823174 31.749996
v 2.557384 -74.323166 31.749996
v 3.057392 -73.823166 32.249996
v 3.057392 -74.323166 32.249996
v 11.648262 -74.323166 31.749996
v 11.648260 -73.823166 31.749996
v 11.148260 -74.323166 32.249996
v 11.148264 -73.823174 32.249996
v 11.148264 -73.823174 45.849998
v 11.148260 -74.323166 45.849998
v 11.648262 -74.323166 45.349998
v 11.648260 -73.823166 45.349998
v 35.033340 -73.823181 45.849998
v 35.033340 -74.323174 45.849998
v 35.033340 -73.823181 45.349998
v 35.033340 -74.323174 45.349998
v -61.562603 -73.823174 59.508038
v -61.562603 -73.823174 60.008038
v -61.562603 -74.323166 59.508038
v -61.562603 -74.323166 60.008038
v -35.533333 -73.823174 59.508038
v -35.533329 -74.323166 59.508038
v -35.033333 -73.823174 59.508038
v -35.033333 -74.323174 59.508038
v -35.033333 -73.823174 31.534723
v -35.033333 -74.323174 31.534723
v -14.100962 -73.823174 59.508038
v -14.100962 -73.823174 60.008038
v -14.100964 -74.323166 59.508038
v -14.100964 -74.323166 60.008038
v -35.533333 -73.823174 31.034723
v -35.533329 -74.323166 31.034723
v -27.719416 -73.823174 31.034723
v -27.719418 -74.323166 31.034723
v -27.219416 -73.823174 31.534723
v -27.219414 -74.323166 31.534723
v -27.719416 -73.823174 30.125507
v -27.219416 -73.823174 30.125507
v -27.719416 -73.823174 29.625507
v -27.719418 -74.323166 29.625507
v -27.219416 -73.823174 29.625507
v -27.219414 -74.323166 29.625507
v -27.719418 -51.038372 25.205950
v -27.219419 -51.038376 25.205950
v -27.719418 -51.038372 24.705950
v -27.219419 -51.038376 24.705950
v -3.057392 -73.823166 39.460815
v -3.057392 -74.323166 39.460815
v -2.557388 -73.823174 38.960819
v -2.557384 -74.323166 38.960819
v -2.557384 -74.323166 31.749996
v -2.557388 -73.823174 31.749996
v -3.057392 -73.823166 32.249996
v -3.057392 -74.323166 32.249996
v -11.648260 -73.823166 31.749996
v -11.648262 -74.323166 31.749996
v -11.148260 -74.323166 32.249996
v -11.148264 -73.823174 32.249996
v -11.148264 -73.823174 45.849998
v -11.148260 -74.323166 45.849998
v -11.648262 -74.323166 45.349998
v -11.648260 -73.823166 45.349998
v -35.033333 -73.823174 45.849998
v -35.033333 -74.323174 45.849998
v -35.033333 -73.823174 45.349998
v -35.033333 -74.323174 45.349998
v 48.695137 -73.784218 60.320019
v 43.304859 -73.784225 60.320019
v 48.695137 -73.784218 61.079979
v 43.304859 -73.784225 61.079979
v -43.304859 -73.784225 60.320019
v -48.695137 -73.784218 60.320019
v -43.304859 -73.784225 61.079979
v -48.695137 -73.784218 61.079979
v 27.695141 -73.784225 66.420021
v 22.304861 -73.784218 66.420021
v 27.695141 -73.784225 67.179977
v 22.304861 -73.784218 67.179977
v -22.304861 -73.784218 66.420021
v -27.695141 -73.784225 66.420021
v -22.304861 -73.784218 67.179977
v -27.695141 -73.784225 67.179977
v 21.059307 -73.827637 60.062599
v 18.766592 -73.827629 60.062599
v 21.059307 -73.827637 60.822559
v 18.766592 -73.827629 60.822559
v 31.233463 -73.827637 60.062599
v 28.940748 -73.827629 60.062599
v 31.233463 -73.827637 60.822559
v 28.940748 -73.827629 60.822559
v -28.940727 -73.827637 60.062599
v -31.233438 -73.827637 60.062599
v -28.940727 -73.827637 60.822559
v -31.233438 -73.827637 60.822559
v -18.766571 -73.827637 60.062599
v -21.059282 -73.827637 60.062599
v -18.766571 -73.827637 60.822559
v -21.059282 -73.827637 60.822559
v 34.030743 -73.827637 52.659489
v 25.740450 -73.827629 52.659489
v 34.030743 -73.827637 53.419449
v 25.740450 -73.827629 53.419449
v 27.864264 -73.827629 52.659489
v 29.988073 -73.827629 52.659489
v 31.906933 -73.827637 52.659489
v 31.906933 -73.827637 53.419449
v 29.783123 -73.827637 53.419449
v 27.864264 -73.827629 53.419449
v 32.111885 -73.827629 52.659489
v 27.659309 -73.827629 53.419449
v 27.659309 -73.827629 52.659489
v 29.783123 -73.827637 52.659489
v 32.111885 -73.827629 53.419449
v 29.988073 -73.827629 53.419449
v 24.259546 -73.827637 52.659489
v 15.969252 -73.827621 52.659489
v 24.259546 -73.827637 53.419449
v 15.969252 -73.827621 53.419449
v 18.093065 -73.827629 52.659489
v 20.216875 -73.827629 52.659489
v 22.135735 -73.827629 52.659489
v 22.135735 -73.827629 53.419449
v 20.011925 -73.827629 53.419449
v 18.093065 -73.827629 53.419449
v 22.340689 -73.827629 52.659489
v 17.888111 -73.827621 53.419449
v 17.888111 -73.827621 52.659489
v 20.011925 -73.827629 52.659489
v 22.340689 -73.827629 53.419449
v 20.216875 -73.827629 53.419449
v 9.132210 -73.827644 38.863182
v 6.839493 -73.827637 38.863182
v 9.132210 -73.827644 39.623142
v 6.839493 -73.827637 39.623142
v 9.132210 -73.827644 32.349579
v 6.839493 -73.827637 32.349579
v 9.132210 -73.827644 33.109539
v 6.839493 -73.827637 33.109539
v -6.839497 -73.827637 38.863182
v -9.132202 -73.827637 38.863182
v -6.839497 -73.827637 39.623142
v -9.132202 -73.827637 39.623142
v -6.839497 -73.827637 32.349579
v -9.132202 -73.827637 32.349579
v -6.839497 -73.827637 33.109539
v -9.132202 -73.827637 33.109539
v 16.097443 -73.734680 33.081341
v 18.138781 -73.734680 33.841301
v 16.097443 -73.734680 33.841301
v 18.138781 -73.734680 33.081341
v 12.886326 -73.734680 33.081341
v 14.927666 -73.734680 33.841301
v 12.886326 -73.734680 33.841301
v 14.927666 -73.734680 33.081341
v -14.927660 -73.734680 33.081341
v -12.886322 -73.734680 33.841301
v -14.927660 -73.734680 33.841301
v -12.886322 -73.734680 33.081341
v -18.138777 -73.734673 33.081341
v -16.097437 -73.734680 33.841301
v -18.138777 -73.734673 33.841301
v -16.097437 -73.734680 33.081341
v 19.214882 -69.071304 29.238098
v 21.256218 -69.816620 29.386551
v 19.214886 -69.816620 29.386551
v 21.256220 -69.071304 29.238096
v 16.003769 -69.071304 29.238098
v 18.045109 -69.816620 29.386551
v 16.003767 -69.816620 29.386553
v 18.045105 -69.071304 29.238098
v -18.045107 -69.071304 29.238098
v -16.003769 -69.816620 29.386551
v -18.045107 -69.816628 29.386551
v -16.003765 -69.071304 29.238096
v -21.256218 -69.071304 29.238098
v -19.214884 -69.816628 29.386551
v -21.256222 -69.816620 29.386553
v -19.214884 -69.071304 29.238098
v -18.762108 -72.996529 54.021965
v -21.054823 -72.996529 54.021965
v -18.762108 -72.996529 54.781925
v -21.054823 -72.996529 54.781925
v -21.865290 -69.469589 31.650431
v -24.157997 -69.469582 31.650431
v -21.865290 -69.469589 32.410389
v -24.157997 -69.469582 32.410389
v 32.110455 -73.656677 58.726345
v 29.785603 -73.656677 58.726345
v 27.860744 -73.656677 58.726345
v 32.010468 -73.976677 58.916164
v 29.885616 -73.976685 58.916164
v 27.760756 -73.976677 58.916164
v 27.860731 -73.656662 53.773655
v 29.785593 -73.656670 53.773655
v 32.110447 -73.656662 53.773655
v 27.760752 -73.976669 53.583836
v 29.885609 -73.976669 53.583836
v 32.010468 -73.976669 53.583836
v 17.989550 -73.976685 53.583836
v 20.114407 -73.976685 53.583836
v 22.239256 -73.976669 53.583836
v 18.089533 -73.656685 53.773655
v 20.014385 -73.656677 53.773655
v 22.339239 -73.656670 53.773655
v 22.339258 -73.656693 58.726345
v 20.014397 -73.656693 58.726345
v 18.089540 -73.656693 58.726345
v 22.239273 -73.976692 58.916164
v 20.114412 -73.976692 58.916164
v 17.989553 -73.976692 58.916164
v 22.139242 -73.656677 53.773655
v 24.364096 -73.656670 53.583836
v 31.910446 -73.656670 53.773655
v 34.135303 -73.656662 53.583836
v 34.135315 -73.656670 58.916164
v 24.364115 -73.656693 58.916164
v 31.910454 -73.656677 58.726345
v 29.985601 -73.656677 58.726345
v 27.660749 -73.656685 58.726345
v 27.660732 -73.656662 53.773655
v 29.985588 -73.656662 53.773655
v 17.889532 -73.656685 53.773655
v 20.214386 -73.656677 53.773655
v 22.139257 -73.656693 58.726345
v 20.214397 -73.656693 58.726345
v 17.889540 -73.656693 58.726345
v 25.635889 -73.656693 58.916164
v 25.635876 -73.656662 53.583836
v 27.760744 -73.656685 58.916164
v 17.989540 -73.656693 58.916164
v 15.864677 -73.656693 58.916164
v 15.864676 -73.656685 53.583836
v 32.010452 -73.656677 58.916164
v 29.885601 -73.656677 58.916164
v 27.760733 -73.656662 53.583836
v 29.885593 -73.656662 53.583836
v 32.010445 -73.656670 53.583836
v 17.989532 -73.656685 53.583836
v 20.114386 -73.656677 53.583836
v 22.239239 -73.656677 53.583836
v 22.239258 -73.656693 58.916164
v 20.114397 -73.656693 58.916164
vn -1.0000 -0.0000 -0.0000
vn -0.0000 -0.1954 -0.9807
vn 0.6911 0.7227 -0.0000
vn -0.0000 -1.0000 -0.0000
vn 1.0000 -0.0000 -0.0000
vn -0.0000 1.0000 -0.0000
vn -0.0000 -0.0000 -1.0000
vn -0.0000 -0.0000 1.0000
vn 0.7071 -0.0000 0.7071
vn -0.6911 0.7228 -0.0000
vn -0.0000 -0.9807 0.1954
vn 1.0000 0.0001 -0.0000
vn -0.0000 0.2110 0.9775
vn -0.0000 -0.2111 -0.9775
vn -0.7071 -0.6935 0.1382
vn -0.2588 -0.9473 0.1888
vn -0.0000 0.1954 0.9807
vn 1.0000 -0.0000 0.0001
vn -0.2588 -0.0000 -0.9659
vn -0.9659 0.2538 -0.0506
vn -0.0000 0.9807 -0.1954
vn 0.9659 -0.0001 0.2588
vn 0.2588 0.9473 -0.1887
vn 0.2588 -0.9473 0.1888
vn -0.7071 -0.0000 -0.7071
vn 0.9659 0.2539 -0.0505
vn 0.7071 -0.6935 0.1382
vn 0.9659 -0.2538 0.0506
vn 0.7071 -0.6934 0.1382
vn -0.9659 0.0001 -0.2588
vn 0.2588 0.9473 -0.1888
vn 0.9659 -0.2539 0.0507
vn 0.9659 -0.0000 -0.2588
vn -0.2588 -0.0000 0.9659
vn -1.0000 -0.0001 -0.0000
vn -0.9659 -0.2539 0.0505
vn 0.7071 0.6935 -0.1381
vn 0.7071 -0.0001 0.7071
vn -0.7071 0.6934 -0.1382
vn 0.9659 -0.0000 0.2588
vn 1.0000 -0.0001 -0.0000
vn 0.2588 -0.0000 -0.9659
vn -0.7071 0.6935 -0.1382
vn -0.7071 -0.0000 0.7071
vn -0.2588 0.9473 -0.1888
vn -1.0000 -0.0000 -0.0001
vn -0.9659 -0.0000 -0.2589
vn 0.7071 -0.0000 -0.7071
vn -0.9659 -0.0000 0.2588
vn -0.6911 0.7227 -0.0000
vn 0.0001 1.0000 -0.0000
vn 0.2588 -0.0000 0.9659
vn -0.0000 -0.9807 0.1955
vn -0.0000 -0.2110 -0.9775
vn 0.9659 0.2538 -0.0505
vn -0.0000 0.2111 0.9775
vn -0.9659 -0.2538 0.0506
vn 0.6911 0.7228 -0.0000
vn -0.0000 0.1953 0.9807
vn -0.0001 1.0000 -0.0000
vn -0.0000 1.0000 -0.0001
vn -0.7071 -0.6935 0.1381
vn -0.2588 -0.9473 0.1887
vn -0.0000 0.1955 0.9807
vn 0.0001 0.1954 0.9807
vn 0.0001 0.1955 0.9807
vn -0.9659 0.2539 -0.0506
vn -0.0000 0.9807 -0.1955
vn 0.9659 -0.2539 0.0506
vn -0.9659 -0.0000 -0.2588
vn -0.0000 1.0000 0.0001
vn -0.0001 0.1955 0.9807
vn 0.7071 0.6935 -0.1382
vn -0.0000 -1.0000 -0.0001
vn -0.0000 -1.0000 0.0001
vn -0.0001 -1.0000 -0.0000
vn -0.0001 -0.1955 -0.9807
vn -0.0001 -0.1954 -0.9807
vn -0.0000 -0.1955 -0.9807
vn -0.0000 -0.1953 -0.9807
vn 1.0000 0.0002 -0.0000
vn -0.9659 0.0001 0.2588
vn 0.9659 0.2538 -0.0506
vn -0.0003 -1.0000 -0.0000
vn -1.0000 -0.0000 0.0001
vn 0.0001 1.0000 -0.0003
vn -0.9659 -0.2539 0.0506
vn 0.0003 -1.0000 -0.0000
vn -0.9659 -0.0001 0.2588
vt 0.982846 0.587379
vt 0.982991 0.587136
vt 0.982813 0.587136
vt 0.955152 0.995901
vt 0.963842 0.971924
vt 0.964078 0.996190
vt 0.964149 0.978325
vt 0.964372 0.977962
vt 0.964372 0.978325
vt 0.962614 0.616703
vt 0.972363 0.625662
vt 0.962614 0.626821
vt 0.960366 0.979137
vt 0.960190 0.978576
vt 0.960366 0.978580
vt 0.982528 0.621866
vt 0.977011 0.613426
vt 0.982528 0.613758
vt 0.982231 0.615554
vt 0.982311 0.625662
vt 0.982231 0.625671
vt 0.933680 0.971614
vt 0.934633 0.996068
vt 0.933786 0.995389
vt 0.963511 0.978487
vt 0.963687 0.977926
vt 0.963687 0.978484
vt 0.963911 0.977926
vt 0.963757 0.977428
vt 0.963911 0.977401
vt 0.982176 0.629258
vt 0.972399 0.616133
vt 0.982176 0.615544
vt 0.908674 0.996068
vt 0.929944 0.970963
vt 0.929944 0.996068
vt 0.929945 0.970963
vt 0.929945 0.996068
vt 0.972367 0.616673
vt 0.962718 0.629165
vt 0.962687 0.615544
vt 0.912476 0.975245
vt 0.931075 0.993880
vt 0.914638 0.994195
vt 0.959401 0.637344
vt 0.982821 0.615068
vt 0.982693 0.637873
vt 0.972367 0.616673
vt 0.962719 0.629165
vt 0.962687 0.615544
vt 0.948516 0.990874
vt 0.946127 0.990853
vt 0.948516 0.975766
vt 0.962497 0.634832
vt 0.962307 0.615544
vt 0.962497 0.615544
vt 0.957362 0.982720
vt 0.960190 0.975766
vt 0.957512 0.976118
vt 0.964182 0.976129
vt 0.964405 0.975766
vt 0.964405 0.976129
vt 0.983365 0.587136
vt 0.983531 0.587162
vt 0.983525 0.587136
vt 0.982311 0.615544
vt 0.962533 0.629447
vt 0.962420 0.615544
vt 0.962533 0.615544
vt 0.966277 0.978870
vt 0.966054 0.978507
vt 0.966277 0.978507
vt 0.912881 0.973014
vt 0.931125 0.973353
vt 0.914348 0.973956
vt 0.963995 0.979012
vt 0.963841 0.978513
vt 0.963995 0.978487
vt 0.952996 0.969933
vt 0.965128 0.970723
vt 0.933840 0.996068
vt 0.912021 0.995515
vt 0.933085 0.995577
vt 0.981862 0.621352
vt 0.981788 0.620216
vt 0.981862 0.620216
vt 0.962307 0.629447
vt 0.981788 0.621988
vt 0.981714 0.621539
vt 0.981788 0.621539
vt 0.981714 0.620216
vt 0.981860 0.622197
vt 0.981791 0.622219
vt 0.981863 0.622214
vt 0.981862 0.617755
vt 0.981788 0.618892
vt 0.981862 0.618892
vt 0.974112 0.588407
vt 0.974289 0.588443
vt 0.974289 0.588407
vt 0.974302 0.588375
vt 0.974473 0.588407
vt 0.974480 0.588375
vt 0.981915 0.621343
vt 0.981989 0.621090
vt 0.981915 0.621090
vt 0.982598 0.586154
vt 0.982913 0.587136
vt 0.984762 0.587065
vt 0.981936 0.615831
vt 0.981989 0.616489
vt 0.981989 0.615829
vt 0.981714 0.622015
vt 0.981767 0.621988
vt 0.981714 0.621990
vt 0.973749 0.588375
vt 0.973920 0.588618
vt 0.973927 0.588375
vt 0.957519 0.017182
vt 0.964012 0.021956
vt 0.965043 0.024184
vt 0.962533 0.629447
vt 0.983197 0.588020
vt 0.983034 0.588055
vt 0.983194 0.588055
vt 0.982849 0.587411
vt 0.983024 0.587379
vt 0.982813 0.588122
vt 0.983028 0.587478
vt 0.982850 0.587479
vt 0.930829 0.973837
vt 0.910555 0.974249
vt 0.932485 0.972647
vt 0.974704 0.588378
vt 0.974592 0.588411
vt 0.974704 0.588414
vt 0.973923 0.588686
vt 0.973749 0.588718
vt 0.973927 0.588718
vt 0.983236 0.588081
vt 0.983444 0.588732
vt 0.983413 0.588084
vt 0.982598 0.588122
vt 0.982812 0.587478
vt 0.982635 0.587479
vt 0.983059 0.588729
vt 0.983233 0.588763
vt 0.983236 0.588732
vt 0.983203 0.588055
vt 0.983357 0.588081
vt 0.983363 0.588055
vt 0.943372 0.005905
vt 0.946975 0.009527
vt 0.947232 0.009215
vt 0.954408 0.012215
vt 0.954455 0.006486
vt 0.953759 0.005905
vt 0.982594 0.629971
vt 0.982927 0.621866
vt 0.982927 0.629933
vt 0.947657 0.024482
vt 0.943660 0.016698
vt 0.944466 0.017570
vt 0.973921 0.588650
vt 0.973742 0.588618
vt 0.973743 0.588650
vt 0.983263 0.588761
vt 0.983429 0.588800
vt 0.983440 0.588763
vt 0.983205 0.588831
vt 0.983045 0.588797
vt 0.983028 0.588829
vt 0.983056 0.588761
vt 0.983222 0.588800
vt 0.983394 0.629639
vt 0.982927 0.629639
vt 0.983661 0.621533
vt 0.983194 0.613761
vt 0.983661 0.613761
vt 0.959993 0.621866
vt 0.959660 0.613761
vt 0.959993 0.613799
vt 0.982598 0.588494
vt 0.982739 0.588461
vt 0.982625 0.588458
vt 0.974108 0.588686
vt 0.973934 0.588718
vt 0.974112 0.588718
vt 0.965777 0.621866
vt 0.965444 0.613761
vt 0.965777 0.613799
vt 0.965777 0.630580
vt 0.965443 0.622475
vt 0.965777 0.622514
vt 0.971561 0.621866
vt 0.971228 0.613761
vt 0.971561 0.613799
vt 0.983413 0.588831
vt 0.983252 0.588797
vt 0.983236 0.588828
vt 0.970432 0.586137
vt 0.970583 0.586105
vt 0.970421 0.586111
vt 0.983028 0.588081
vt 0.983188 0.588081
vt 0.983373 0.587197
vt 0.983533 0.588020
vt 0.983533 0.587197
vt 0.983373 0.588020
vt 0.983531 0.588055
vt 0.965043 0.009897
vt 0.983197 0.587197
vt 0.983037 0.588020
vt 0.933754 0.971687
vt 0.908674 0.973267
vt 0.934607 0.970963
vt 0.958447 0.611781
vt 0.983696 0.614259
vt 0.983517 0.614425
vt 0.954419 0.971667
vt 0.954177 0.996949
vt 0.969266 0.584008
vt 0.966935 0.583525
vt 0.974118 0.588375
vt 0.982598 0.585102
vt 0.982913 0.586083
vt 0.984762 0.586013
vt 0.958890 0.614802
vt 0.984847 0.637395
vt 0.958853 0.638825
vt 0.963089 0.977926
vt 0.963335 0.977351
vt 0.963335 0.977926
vt 0.958589 0.614599
vt 0.984768 0.612553
vt 0.974302 0.588475
vt 0.974473 0.588443
vt 0.974296 0.588443
vt 0.974105 0.588650
vt 0.973930 0.588687
vt 0.983538 0.587162
vt 0.983693 0.587136
vt 0.983533 0.587136
vt 0.959430 0.602773
vt 0.963068 0.603133
vt 0.956603 0.599721
vt 0.982635 0.587447
vt 0.982812 0.587410
vt 0.982634 0.587411
vt 0.962843 0.979600
vt 0.963320 0.979446
vt 0.965408 0.979600
vt 0.979435 0.585623
vt 0.979568 0.585659
vt 0.979548 0.585623
vt 0.982640 0.583944
vt 0.984605 0.583970
vt 0.984721 0.582962
vt 0.973738 0.582927
vt 0.974933 0.586027
vt 0.982913 0.585031
vt 0.984763 0.584961
vt 0.984448 0.583979
vt 0.964182 0.976715
vt 0.964182 0.975847
vt 0.962560 0.976194
vt 0.966102 0.977365
vt 0.964043 0.976982
vt 0.966102 0.977002
vt 0.963582 0.977351
vt 0.963335 0.976776
vt 0.963582 0.976776
vt 0.962687 0.634832
vt 0.911469 0.972132
vt 0.934633 0.970963
vt 0.981788 0.622092
vt 0.981714 0.622067
vt 0.981788 0.622067
vt 0.912234 0.975218
vt 0.930790 0.993906
vt 0.914030 0.994053
vt 0.972363 0.625662
vt 0.962614 0.616703
vt 0.972363 0.615544
vt 0.930884 0.993324
vt 0.912250 0.992766
vt 0.953294 0.014590
vt 0.932715 0.994851
vt 0.913182 0.995162
vt 0.912430 0.975071
vt 0.932954 0.972682
vt 0.931261 0.973918
vt 0.963925 0.627375
vt 0.963914 0.627033
vt 0.963966 0.627036
vt 0.934259 0.971723
vt 0.910702 0.974101
vt 0.914095 0.994128
vt 0.912632 0.995088
vt 0.983540 0.588020
vt 0.983700 0.587197
vt 0.983540 0.587197
vt 0.912268 0.972610
vt 0.932782 0.972328
vt 0.959927 0.629973
vt 0.965444 0.622198
vt 0.965444 0.630305
vt 0.912563 0.995051
vt 0.932446 0.994871
vt 0.959445 0.612860
vt 0.959032 0.637697
vt 0.959076 0.612463
vt 0.967281 0.626876
vt 0.967060 0.628269
vt 0.967228 0.626874
vt 0.909486 0.973727
vt 0.962687 0.629298
vt 0.972398 0.630294
vt 0.972367 0.630427
vt 0.911952 0.995480
vt 0.908674 0.996068
vt 0.929944 0.970963
vt 0.929944 0.996068
vt 0.982176 0.629258
vt 0.972398 0.616133
vt 0.398702 0.998735
vt 0.202063 0.500646
vt 0.398702 0.500645
vt 0.929944 0.970963
vt 0.929944 0.996068
vt 0.931263 0.973813
vt 0.932932 0.972607
vt 0.933349 0.995539
vt 0.934265 0.996068
vt 0.983194 0.587162
vt 0.983037 0.587197
vt 0.983365 0.588020
vt 0.983205 0.587197
vt 0.983205 0.588020
vt 0.912582 0.995591
vt 0.981936 0.618208
vt 0.982010 0.617861
vt 0.981936 0.617861
vt 0.909621 0.973564
vt 0.911303 0.996068
vt 0.908674 0.973064
vt 0.908674 0.994798
vt 0.909491 0.994309
vt 0.950497 0.969933
vt 0.959524 0.997939
vt 0.950497 0.997939
vt 0.982850 0.587447
vt 0.983027 0.587410
vt 0.982010 0.617513
vt 0.981936 0.617513
vt 0.983371 0.588055
vt 0.983525 0.588081
vt 0.981767 0.622015
vt 0.981714 0.622041
vt 0.981714 0.622017
vt 0.969853 0.628220
vt 0.969909 0.628199
vt 0.969906 0.628223
vt 0.965128 0.997730
vt 0.983170 0.614742
vt 0.950497 0.997939
vt 0.941469 0.969933
vt 0.950497 0.969933
vt 0.983538 0.588055
vt 0.983700 0.588020
vt 0.981862 0.616491
vt 0.981788 0.615350
vt 0.981862 0.615350
vt 0.983028 0.587447
vt 0.930590 0.993933
vt 0.944749 0.018485
vt 0.943705 0.006317
vt 0.944749 0.006317
vt 0.958468 0.639089
vt 0.981936 0.616491
vt 0.981862 0.615375
vt 0.981936 0.615375
vt 0.932204 0.994919
vt 0.954514 0.976153
vt 0.955820 0.975771
vt 0.955560 0.976178
vt 0.982809 0.587379
vt 0.982631 0.587379
vt 0.981862 0.617566
vt 0.981936 0.616570
vt 0.981862 0.616570
vt 0.198506 0.998735
vt 0.001869 0.500645
vt 0.198506 0.500644
vt 0.963709 0.016501
vt 0.955073 0.006317
vt 0.963709 0.006837
vt 0.958616 0.017525
vt 0.964702 0.010265
vt 0.946540 0.016947
vt 0.946540 0.007332
vt 0.983365 0.587197
vt 0.983203 0.587162
vt 0.982813 0.587447
vt 0.982776 0.587136
vt 0.982598 0.587136
vt 0.947101 0.010229
vt 0.946999 0.010284
vt 0.956154 0.008197
vt 0.956114 0.008404
vt 0.971227 0.621866
vt 0.976744 0.630305
vt 0.971228 0.629973
vt 0.976744 0.629973
vt 0.982261 0.622198
vt 0.982261 0.630305
vt 0.966054 0.978870
vt 0.982861 0.613761
vt 0.982861 0.621827
vt 0.977011 0.621218
vt 0.977011 0.613151
vt 0.971227 0.621218
vt 0.971227 0.613151
vt 0.962843 0.979694
vt 0.960366 0.979185
vt 0.962843 0.979137
vt 0.982739 0.588494
vt 0.982880 0.588461
vt 0.982766 0.588458
vt 0.982927 0.637744
vt 0.982460 0.629971
vt 0.982927 0.629971
vt 0.983197 0.587136
vt 0.983363 0.587162
vt 0.983357 0.587136
vt 0.982594 0.629933
vt 0.982261 0.621904
vt 0.982594 0.621866
vt 0.983860 0.621866
vt 0.983394 0.621866
vt 0.982927 0.637411
vt 0.983393 0.629639
vt 0.983393 0.637411
vt 0.984128 0.613761
vt 0.983661 0.621533
vt 0.983696 0.638832
vt 0.983552 0.638682
vt 0.973628 0.588377
vt 0.973715 0.588711
vt 0.973742 0.588375
vt 0.983194 0.621827
vt 0.982861 0.613799
vt 0.983394 0.637411
vt 0.983860 0.629639
vt 0.983860 0.637411
vt 0.983860 0.629639
vt 0.984327 0.637411
vt 0.983860 0.637411
vt 0.963335 0.979048
vt 0.963511 0.979044
vt 0.973934 0.588375
vt 0.974105 0.588618
vt 0.974112 0.588375
vt 0.983267 0.588729
vt 0.962843 0.977273
vt 0.960366 0.976763
vt 0.962843 0.976715
vt 0.963347 0.603160
vt 0.963178 0.603177
vt 0.963338 0.603185
vt 0.962843 0.978501
vt 0.963089 0.977926
vt 0.963089 0.978501
vt 0.963841 0.978461
vt 0.963995 0.977962
vt 0.952121 0.976597
vt 0.951777 0.976237
vt 0.951999 0.976235
vt 0.964043 0.977365
vt 0.963889 0.976867
vt 0.964043 0.976841
vt 0.971227 0.629933
vt 0.971227 0.621866
vt 0.962843 0.978532
vt 0.965444 0.613151
vt 0.962843 0.977321
vt 0.960366 0.977926
vt 0.960366 0.977369
vt 0.965125 0.979983
vt 0.964902 0.979620
vt 0.965125 0.979620
vt 0.963089 0.977351
vt 0.963335 0.977351
vt 0.963511 0.979048
vt 0.963687 0.978487
vt 0.963687 0.979044
vt 0.963089 0.979076
vt 0.963335 0.978501
vt 0.963335 0.979076
vt 0.944902 0.975766
vt 0.944902 0.995096
vt 0.942674 0.995081
vt 0.960190 0.977365
vt 0.945794 0.016861
vt 0.945794 0.007246
vt 0.960366 0.979742
vt 0.960190 0.979182
vt 0.963582 0.977351
vt 0.963582 0.977926
vt 0.960366 0.978532
vt 0.960190 0.977971
vt 0.960366 0.977974
vt 0.962307 0.634832
vt 0.962497 0.634832
vt 0.963089 0.976776
vt 0.962843 0.977351
vt 0.962843 0.976776
vt 0.963511 0.978484
vt 0.963335 0.977929
vt 0.963511 0.977926
vt 0.960368 0.976128
vt 0.963573 0.976243
vt 0.960190 0.976140
vt 0.957073 0.982360
vt 0.957583 0.982716
vt 0.945063 0.976151
vt 0.948343 0.976174
vt 0.944902 0.976169
vt 0.953759 0.014412
vt 0.947832 0.027165
vt 0.962420 0.629447
vt 0.962843 0.977926
vt 0.957294 0.982356
vt 0.959641 0.982692
vt 0.942391 0.995483
vt 0.942391 0.975766
vt 0.940328 0.975773
vt 0.964902 0.979983
vt 0.982311 0.625290
vt 0.982176 0.615560
vt 0.952121 0.975766
vt 0.951958 0.976174
vt 0.964065 0.977764
vt 0.964288 0.977401
vt 0.964288 0.977764
vt 0.963841 0.978487
vt 0.963687 0.978985
vt 0.963687 0.978513
vt 0.972367 0.630427
vt 0.962687 0.629298
vt 0.963687 0.977962
vt 0.963581 0.977926
vt 0.963757 0.977365
vt 0.963757 0.977923
vt 0.963736 0.976867
vt 0.963582 0.977365
vt 0.963582 0.976841
vt 0.957955 0.985429
vt 0.960190 0.985456
vt 0.957961 0.985465
vt 0.964065 0.977401
vt 0.963911 0.977900
vt 0.963911 0.977428
vt 0.964149 0.978461
vt 0.982853 0.588125
vt 0.982739 0.588122
vt 0.985687 0.612204
vt 0.985687 0.639089
vt 0.952121 0.976153
vt 0.952382 0.986430
vt 0.952286 0.976137
vt 0.981714 0.616553
vt 0.981788 0.616553
vt 0.964813 0.626985
vt 0.964785 0.627650
vt 0.964733 0.627647
vt 0.983371 0.587162
vt 0.945794 0.006317
vt 0.944749 0.018485
vt 0.944749 0.006317
vt 0.935177 0.970963
vt 0.933611 0.995503
vt 0.934213 0.971635
vt 0.985180 0.637672
vt 0.935275 0.970963
vt 0.974296 0.588407
vt 0.963736 0.976841
vt 0.963889 0.977339
vt 0.963736 0.977365
vt 0.911911 0.996068
vt 0.909678 0.973745
vt 0.910568 0.993756
vt 0.932530 0.994491
vt 0.983039 0.638234
vt 0.981766 0.622067
vt 0.981766 0.622042
vt 0.981862 0.619724
vt 0.981877 0.619707
vt 0.981950 0.619712
vt 0.982010 0.616970
vt 0.982010 0.616570
vt 0.981862 0.616595
vt 0.981788 0.617731
vt 0.981788 0.616595
vt 0.973928 0.588650
vt 0.964677 0.627673
vt 0.964757 0.627011
vt 0.981967 0.621088
vt 0.981915 0.620428
vt 0.981967 0.620426
vt 0.983698 0.587162
vt 0.942743 0.972064
vt 0.951722 0.995808
vt 0.942525 0.996324
vt 0.981989 0.614870
vt 0.981936 0.614211
vt 0.981989 0.614209
vt 0.910767 0.974270
vt 0.983533 0.588081
vt 0.983698 0.588055
vt 0.981788 0.614209
vt 0.981714 0.614209
vt 0.941469 0.997939
vt 0.958112 0.616041
vt 0.958062 0.616064
vt 0.958115 0.616066
vt 0.958574 0.638221
vt 0.982176 0.625305
vt 0.981936 0.617566
vt 0.981862 0.618555
vt 0.981915 0.620424
vt 0.981862 0.619739
vt 0.981915 0.619737
vt 0.958412 0.638396
vt 0.958263 0.611601
vt 0.981788 0.617755
vt 0.981862 0.617731
vt 0.962676 0.628938
vt 0.963512 0.629137
vt 0.962713 0.628925
vt 0.976790 0.615621
vt 0.976598 0.614958
vt 0.976658 0.614982
vt 0.967454 0.614278
vt 0.967464 0.614302
vt 0.967374 0.614214
vt 0.982712 0.588125
vt 0.951940 0.971548
vt 0.981788 0.619080
vt 0.981862 0.619080
vt 0.981936 0.615271
vt 0.982010 0.614872
vt 0.981936 0.614872
vt 0.981967 0.620445
vt 0.982020 0.620103
vt 0.981967 0.620105
vt 0.941469 0.970936
vt 0.972512 0.586450
vt 0.973601 0.583485
vt 0.970594 0.590386
vt 0.968913 0.586130
vt 0.968902 0.586105
vt 0.981915 0.619761
vt 0.981967 0.619763
vt 0.983188 0.587136
vt 0.983034 0.587162
vt 0.963081 0.635869
vt 0.961103 0.635913
vt 0.963089 0.635887
vt 0.974296 0.588475
vt 0.974112 0.588443
vt 0.974118 0.588475
vt 0.966326 0.977365
vt 0.966326 0.977002
vt 0.962843 0.977351
vt 0.982020 0.619761
vt 0.981967 0.620103
vt 0.981936 0.616970
vt 0.982010 0.617317
vt 0.981936 0.617317
vt 0.981788 0.616570
vt 0.960366 0.977321
vt 0.960190 0.976760
vt 0.952996 0.996937
vt 0.981862 0.620428
vt 0.981915 0.621113
vt 0.981915 0.620426
vt 0.982010 0.615824
vt 0.981936 0.615824
vt 0.955073 0.016587
vt 0.955819 0.026117
vt 0.955073 0.026203
vt 0.981936 0.618555
vt 0.982010 0.618208
vt 0.981876 0.621381
vt 0.981803 0.621385
vt 0.973628 0.588749
vt 0.973742 0.588747
vt 0.961434 0.614415
vt 0.961431 0.614390
vt 0.961378 0.614389
vt 0.973745 0.588687
vt 0.963012 0.635905
vt 0.944893 0.995132
vt 0.942665 0.995117
vt 0.974109 0.624716
vt 0.973708 0.621771
vt 0.971063 0.615340
vt 0.981936 0.615326
vt 0.981862 0.614209
vt 0.981862 0.615326
vt 0.981936 0.618833
vt 0.981862 0.618833
vt 0.960828 0.615892
vt 0.960713 0.614498
vt 0.960660 0.614497
vt 0.982231 0.616138
vt 0.972363 0.625713
vt 0.972363 0.615544
vt 0.958263 0.638832
vt 0.985143 0.611601
vt 0.985143 0.638832
vt 0.962533 0.616694
vt 0.962533 0.626811
vt 0.974480 0.588378
vt 0.974592 0.588375
vt 0.962614 0.626821
vt 0.982231 0.626307
vt 0.653547 0.962712
vt 0.401670 0.998223
vt 0.401670 0.962712
vt 0.906477 0.923957
vt 0.654600 0.959469
vt 0.654600 0.923957
vt 0.905778 0.962712
vt 0.653900 0.998223
vt 0.653900 0.962712
vt 0.653052 0.924626
vt 0.401175 0.960137
vt 0.401175 0.924626
vt 0.820359 0.852252
vt 0.612399 0.921184
vt 0.612400 0.852252
vt 0.610216 0.852252
vt 0.402256 0.921184
vt 0.402257 0.852253
vt 0.820176 0.782120
vt 0.612217 0.851052
vt 0.612217 0.782120
vt 0.610580 0.782916
vt 0.402621 0.851849
vt 0.402621 0.782916
vt 0.993831 0.642584
vt 0.820435 0.711257
vt 0.820435 0.642584
vt 0.993831 0.852981
vt 0.820435 0.921654
vt 0.820435 0.852981
vt 0.992601 0.782849
vt 0.819205 0.851523
vt 0.819206 0.782849
vt 0.992600 0.712717
vt 0.819204 0.781390
vt 0.819205 0.712717
vt 0.747753 0.500909
vt 0.574357 0.569582
vt 0.574357 0.500909
vt 0.784664 0.571043
vt 0.611269 0.639715
vt 0.611268 0.571042
vt 0.956919 0.572272
vt 0.783523 0.640945
vt 0.783524 0.572272
vt 0.575498 0.502140
vt 0.402102 0.570813
vt 0.402102 0.502140
vt 0.820469 0.641647
vt 0.612509 0.710579
vt 0.612509 0.641647
vt 0.820468 0.641647
vt 0.612509 0.710579
vt 0.612509 0.641648
vt 0.945386 0.500662
vt 0.746873 0.569392
vt 0.746873 0.500662
vt 0.199510 0.429298
vt 0.000997 0.498029
vt 0.000998 0.429298
vt 0.400716 0.430530
vt 0.202203 0.499260
vt 0.202203 0.430530
vt 0.602685 0.431358
vt 0.404173 0.500089
vt 0.404172 0.431359
vt 0.802661 0.430903
vt 0.604148 0.499633
vt 0.604148 0.430903
vt 0.203434 0.360771
vt 0.401946 0.429501
vt 0.203433 0.429501
vt 0.199510 0.360315
vt 0.000997 0.429046
vt 0.000997 0.360315
vt 0.601454 0.361599
vt 0.402942 0.430330
vt 0.402942 0.361599
vt 0.819009 0.712382
vt 0.611050 0.781314
vt 0.611050 0.712382
vt 0.610219 0.571363
vt 0.402259 0.640295
vt 0.402259 0.571363
vt 0.948889 0.011723
vt 0.949475 0.012408
vt 0.947646 0.011362
vt 0.947786 0.011363
vt 0.398702 0.998735
vt 0.202063 0.500645
vt 0.398702 0.500644
vt 0.398702 0.998735
vt 0.202063 0.500646
vt 0.398702 0.500645
vt 0.398701 0.998735
vt 0.202063 0.500646
vt 0.398701 0.500645
vt 0.943651 0.009846
vt 0.943975 0.013365
vt 0.943440 0.006855
vt 0.943896 0.009924
vt 0.944142 0.013252
vt 0.959301 0.009654
vt 0.960200 0.009974
vt 0.957858 0.009651
vt 0.958013 0.009540
vt 0.955566 0.012843
vt 0.956789 0.014585
vt 0.198507 0.998736
vt 0.001869 0.500645
vt 0.198507 0.500645
vt 0.198506 0.998735
vt 0.001869 0.500646
vt 0.198507 0.500645
vt 0.198507 0.998736
vt 0.001868 0.500645
vt 0.198506 0.500645
vt 0.954903 0.012153
vt 0.955693 0.012749
vt 0.956815 0.014443
vt 0.955540 0.011924
vt 0.955213 0.012274
vt 0.943688 0.007949
vt 0.944148 0.008982
vt 0.946546 0.009863
vt 0.955198 0.007288
vt 0.947847 0.011923
vt 0.944561 0.014215
vt 0.943835 0.015263
vt 0.947924 0.011533
vt 0.946803 0.009817
vt 0.957556 0.014837
vt 0.957003 0.015979
vt 0.955277 0.008257
vt 0.958500 0.010109
vt 0.958293 0.009970
vt 0.947481 0.026888
vt 0.953745 0.014410
vt 0.948995 0.011634
vt 0.965019 0.009900
vt 0.959367 0.009537
vt 0.964659 0.024067
vt 0.946892 0.010820
vt 0.944274 0.010934
vt 0.944294 0.012107
vt 0.943372 0.017016
vt 0.947101 0.010942
vt 0.957384 0.017536
vt 0.956407 0.012881
vt 0.956315 0.013640
vt 0.956966 0.009622
vt 0.956768 0.009071
vt 0.964149 0.977962
vt 0.960190 0.979134
vt 0.977011 0.621534
vt 0.963511 0.977929
vt 0.963757 0.977900
vt 0.972399 0.629847
vt 0.908674 0.970963
vt 0.972398 0.630294
vt 0.945221 0.975779
vt 0.947293 0.976154
vt 0.962307 0.634832
vt 0.960185 0.985420
vt 0.959778 0.982718
vt 0.955820 0.975816
vt 0.964182 0.975766
vt 0.963841 0.978985
vt 0.981788 0.621352
vt 0.962420 0.629447
vt 0.981714 0.621988
vt 0.981788 0.622201
vt 0.981989 0.621343
vt 0.984762 0.586154
vt 0.984719 0.586119
vt 0.984604 0.586093
vt 0.984446 0.586083
vt 0.982755 0.586093
vt 0.982640 0.586119
vt 0.982598 0.587065
vt 0.982640 0.587100
vt 0.982755 0.587126
vt 0.984446 0.587136
vt 0.984604 0.587126
vt 0.984719 0.587100
vt 0.981767 0.622013
vt 0.982991 0.588122
vt 0.982776 0.588122
vt 0.983197 0.588081
vt 0.982594 0.621904
vt 0.983194 0.621533
vt 0.959660 0.621827
vt 0.982712 0.588497
vt 0.965444 0.621827
vt 0.965443 0.630542
vt 0.971227 0.621827
vt 0.970594 0.586131
vt 0.983205 0.588084
vt 0.965449 0.593533
vt 0.965338 0.585648
vt 0.965184 0.585654
vt 0.969735 0.582927
vt 0.969573 0.582933
vt 0.965293 0.588190
vt 0.965184 0.588198
vt 0.968643 0.586079
vt 0.968747 0.586097
vt 0.966397 0.591935
vt 0.965286 0.587906
vt 0.965406 0.587899
vt 0.974296 0.588375
vt 0.984762 0.585102
vt 0.984719 0.585066
vt 0.984604 0.585041
vt 0.984446 0.585031
vt 0.982913 0.585031
vt 0.982755 0.585041
vt 0.982640 0.585066
vt 0.982598 0.586013
vt 0.982640 0.586048
vt 0.982755 0.586074
vt 0.984604 0.586074
vt 0.984719 0.586048
vt 0.963089 0.977351
vt 0.985180 0.612204
vt 0.974480 0.588475
vt 0.956748 0.599715
vt 0.965184 0.603119
vt 0.965026 0.583418
vt 0.959646 0.605041
vt 0.959512 0.605049
vt 0.958602 0.605065
vt 0.965184 0.583011
vt 0.959294 0.602780
vt 0.964945 0.582940
vt 0.962300 0.582927
vt 0.963187 0.603152
vt 0.964874 0.603167
vt 0.964069 0.979076
vt 0.979455 0.585659
vt 0.984605 0.582936
vt 0.984448 0.582927
vt 0.982913 0.582927
vt 0.982755 0.582936
vt 0.982640 0.582962
vt 0.982598 0.582997
vt 0.982598 0.583908
vt 0.982755 0.583970
vt 0.982913 0.583979
vt 0.984448 0.583979
vt 0.984721 0.583944
vt 0.984763 0.583908
vt 0.984763 0.582997
vt 0.975079 0.586022
vt 0.973978 0.588375
vt 0.982598 0.583566
vt 0.973911 0.588303
vt 0.974057 0.588307
vt 0.974169 0.588296
vt 0.979116 0.586061
vt 0.973601 0.582932
vt 0.973601 0.588365
vt 0.979359 0.585595
vt 0.979249 0.585583
vt 0.976624 0.585512
vt 0.982755 0.583988
vt 0.982640 0.584014
vt 0.982598 0.584050
vt 0.982598 0.584961
vt 0.982640 0.584996
vt 0.982755 0.585022
vt 0.984448 0.585031
vt 0.984605 0.585022
vt 0.984721 0.584996
vt 0.984763 0.584050
vt 0.984721 0.584014
vt 0.984605 0.583988
vt 0.961852 0.976626
vt 0.964043 0.977345
vt 0.981714 0.622092
vt 0.963872 0.627373
vt 0.959927 0.621866
vt 0.967112 0.628272
vt 0.911123 0.996068
vt 0.972398 0.629847
vt 0.202063 0.998736
vt 0.959524 0.969933
vt 0.983365 0.588081
vt 0.981767 0.622039
vt 0.969856 0.628196
vt 0.981788 0.616491
vt 0.943705 0.018485
vt 0.954752 0.975782
vt 0.001868 0.998735
vt 0.955073 0.015982
vt 0.955073 0.015933
vt 0.976744 0.622198
vt 0.976744 0.621866
vt 0.963995 0.978850
vt 0.982528 0.613799
vt 0.982853 0.588497
vt 0.982460 0.637744
vt 0.982261 0.629971
vt 0.983860 0.629639
vt 0.984128 0.621533
vt 0.973601 0.588713
vt 0.982861 0.621866
vt 0.983394 0.629639
vt 0.984327 0.629639
vt 0.963335 0.978490
vt 0.973927 0.588618
vt 0.962843 0.977926
vt 0.963841 0.977988
vt 0.951899 0.976599
vt 0.962843 0.979089
vt 0.965444 0.621218
vt 0.962843 0.977878
vt 0.963511 0.978490
vt 0.942391 0.975768
vt 0.960190 0.977923
vt 0.960190 0.979739
vt 0.960190 0.978528
vt 0.962843 0.979076
vt 0.963335 0.978487
vt 0.960923 0.975766
vt 0.962687 0.634832
vt 0.962307 0.629447
vt 0.962843 0.978484
vt 0.959352 0.982332
vt 0.942317 0.995147
vt 0.962843 0.979963
vt 0.982176 0.625305
vt 0.949707 0.976233
vt 0.950062 0.990481
vt 0.948516 0.976171
vt 0.950907 0.976155
vt 0.963841 0.979012
vt 0.963581 0.977369
vt 0.963736 0.977339
vt 0.964065 0.977926
vt 0.964149 0.977988
vt 0.958468 0.612204
vt 0.955820 0.986454
vt 0.954765 0.986464
vt 0.952524 0.975766
vt 0.981714 0.618892
vt 0.964865 0.626988
vt 0.945794 0.018485
vt 0.934419 0.996068
vt 0.908674 0.973167
vt 0.981714 0.622066
vt 0.982081 0.619720
vt 0.982066 0.619737
vt 0.981934 0.618896
vt 0.967412 0.614307
vt 0.967360 0.614307
vt 0.966495 0.626893
vt 0.967173 0.626899
vt 0.964914 0.628349
vt 0.964917 0.628325
vt 0.967008 0.628270
vt 0.967087 0.627610
vt 0.967090 0.627586
vt 0.963820 0.627374
vt 0.963823 0.627349
vt 0.963864 0.627010
vt 0.981936 0.614872
vt 0.983693 0.588081
vt 0.958059 0.616040
vt 0.982176 0.615560
vt 0.981862 0.620426
vt 0.963474 0.629149
vt 0.975787 0.615292
vt 0.975840 0.615291
vt 0.975938 0.615631
vt 0.975794 0.615317
vt 0.981515 0.624732
vt 0.981506 0.624715
vt 0.981714 0.624708
vt 0.981648 0.624728
vt 0.979236 0.615641
vt 0.981707 0.614209
vt 0.981714 0.614234
vt 0.978892 0.614268
vt 0.976729 0.614294
vt 0.976722 0.614269
vt 0.978839 0.614268
vt 0.979030 0.614929
vt 0.979296 0.615665
vt 0.979037 0.614954
vt 0.975892 0.615656
vt 0.976849 0.615645
vt 0.967426 0.614209
vt 0.969899 0.614317
vt 0.969909 0.614341
vt 0.982010 0.615271
vt 0.982020 0.620443
vt 0.970883 0.583034
vt 0.971015 0.583040
vt 0.971118 0.583028
vt 0.971640 0.582927
vt 0.971205 0.582961
vt 0.971073 0.582956
vt 0.970922 0.582966
vt 0.970828 0.583154
vt 0.970696 0.583149
vt 0.970594 0.583161
vt 0.970818 0.583046
vt 0.971175 0.582946
vt 0.971333 0.582945
vt 0.983028 0.587136
vt 0.961095 0.635896
vt 0.982020 0.620101
vt 0.960190 0.977317
vt 0.981862 0.621115
vt 0.982010 0.615375
vt 0.955819 0.016501
vt 0.982010 0.618555
vt 0.982080 0.621369
vt 0.982064 0.621352
vt 0.981788 0.621368
vt 0.961386 0.614458
vt 0.961439 0.614460
vt 0.963820 0.614234
vt 0.963817 0.614209
vt 0.963820 0.628970
vt 0.963763 0.628955
vt 0.963482 0.629107
vt 0.961494 0.614481
vt 0.961486 0.614412
vt 0.960767 0.614520
vt 0.960881 0.615894
vt 0.963018 0.615804
vt 0.963015 0.615780
vt 0.960933 0.615891
vt 0.960853 0.615231
vt 0.960850 0.615207
vt 0.962683 0.628895
vt 0.961025 0.635932
vt 0.975381 0.624722
vt 0.975734 0.624858
vt 0.975787 0.624841
vt 0.974156 0.615013
vt 0.973000 0.615607
vt 0.973064 0.615619
vt 0.975787 0.614222
vt 0.975723 0.614209
vt 0.974185 0.614999
vt 0.970119 0.614514
vt 0.969937 0.614479
vt 0.969909 0.614494
vt 0.975400 0.624692
vt 0.974667 0.624931
vt 0.970154 0.614540
vt 0.970522 0.614306
vt 0.972424 0.614686
vt 0.970558 0.614333
vt 0.974649 0.624961
vt 0.972360 0.614674
vt 0.971634 0.621792
vt 0.981936 0.614209
vt 0.981862 0.615350
vt 0.958263 0.611601
vt 0.974480 0.588414
vt 0.962533 0.626811
vt 0.653547 0.998223
vt 0.906477 0.959469
vt 0.905778 0.998223
vt 0.653052 0.960137
vt 0.820359 0.921184
vt 0.610216 0.921184
vt 0.820177 0.851052
vt 0.610580 0.851849
vt 0.993830 0.711257
vt 0.993831 0.921655
vt 0.992600 0.851522
vt 0.992600 0.781390
vt 0.747753 0.569582
vt 0.784664 0.639715
vt 0.956919 0.640945
vt 0.575498 0.570812
vt 0.820469 0.710579
vt 0.820469 0.710579
vt 0.945386 0.569392
vt 0.199510 0.498029
vt 0.400716 0.499259
vt 0.602685 0.500089
vt 0.802660 0.499633
vt 0.401946 0.360771
vt 0.199510 0.429046
vt 0.601455 0.430330
vt 0.819009 0.781314
vt 0.610219 0.640295
vt 0.202064 0.998735
vt 0.202064 0.998736
vt 0.202064 0.998736
vt 0.001868 0.998736
vt 0.001868 0.998736
s 0
f 94/1/1 139/2/1 73/3/1
f 236/4/2 237/5/2 238/6/2
f 385/7/3 398/8/3 399/9/3
f 30/10/4 26/11/4 25/12/4
f 349/13/5 363/14/5 347/15/5
f 284/16/6 285/17/6 305/18/6
f 27/19/1 17/20/1 29/21/1
f 170/22/7 227/23/7 179/24/7
f 352/25/1 364/26/1 368/27/1
f 385/28/8 400/29/8 386/30/8
f 24/31/6 11/32/6 10/33/6
f 221/34/6 219/35/6 232/36/6
f 227/34/6 217/37/6 226/38/6
f 40/39/4 37/40/4 39/41/4
f 189/42/4 187/43/4 188/44/4
f 261/45/4 264/46/4 263/47/4
f 36/48/4 32/49/4 35/50/4
f 324/51/6 361/52/6 354/53/6
f 21/54/7 36/55/7 22/56/7
f 335/57/6 363/58/6 365/59/6
f 323/60/3 378/61/3 369/62/3
f 136/63/9 48/64/9 46/65/9
f 20/20/1 31/19/1 14/66/1
f 14/67/8 30/68/8 18/69/8
f 326/70/10 375/71/10 331/72/10
f 201/73/5 186/74/5 185/75/5
f 321/76/8 381/77/8 322/78/8
f 237/5/11 245/79/11 246/80/11
f 229/81/12 176/82/12 181/83/12
f 427/84/13 422/85/13 421/86/13
f 34/68/7 17/87/7 12/55/7
f 438/88/7 442/89/7 441/90/7
f 458/91/7 453/90/7 457/85/7
f 480/92/6 481/93/6 479/94/6
f 477/95/14 481/96/14 482/97/14
f 76/98/15 140/99/15 138/100/15
f 70/101/16 159/102/16 160/103/16
f 486/104/7 435/105/7 436/106/7
f 86/107/17 94/108/17 74/109/17
f 460/110/5 499/111/5 459/112/5
f 465/113/5 464/114/5 466/115/5
f 153/116/18 97/117/18 102/118/18
f 674/119/7 297/120/7 668/121/7
f 16/122/8 28/68/8 9/69/8
f 113/123/19 62/124/19 115/125/19
f 96/126/20 152/127/20 94/1/20
f 86/128/21 149/129/21 93/130/21
f 198/131/5 207/132/5 214/133/5
f 112/134/22 80/135/22 110/136/22
f 100/137/23 161/138/23 98/139/23
f 160/140/11 101/141/11 70/142/11
f 98/143/21 165/144/21 89/145/21
f 141/146/24 59/147/24 57/148/24
f 52/149/25 128/150/25 127/151/25
f 296/152/5 651/153/5 295/154/5
f 294/155/5 652/156/5 279/157/5
f 306/158/1 302/159/1 280/160/1
f 278/161/7 671/162/7 632/163/7
f 99/164/26 163/165/26 164/166/26
f 156/167/27 104/168/27 103/169/27
f 58/170/28 143/171/28 144/172/28
f 142/173/29 60/174/29 59/147/29
f 290/159/7 284/175/7 311/176/7
f 303/177/7 314/178/7 283/179/7
f 292/180/5 299/181/5 289/182/5
f 128/183/30 49/184/30 126/185/30
f 88/186/31 145/187/31 86/188/31
f 307/189/5 281/190/5 312/191/5
f 311/192/5 305/193/5 317/194/5
f 319/195/5 286/196/5 316/197/5
f 102/198/32 154/199/32 153/200/32
f 83/201/33 107/202/33 105/203/33
f 115/125/25 63/204/25 116/205/25
f 133/206/8 65/207/8 47/208/8
f 118/209/34 66/210/34 65/207/34
f 297/120/35 667/211/35 668/121/35
f 122/212/7 61/213/7 113/123/7
f 57/148/11 137/204/11 141/146/11
f 182/214/1 223/215/1 230/216/1
f 260/217/1 272/218/1 257/219/1
f 233/220/5 247/221/5 245/79/5
f 109/222/6 105/203/6 125/223/6
f 138/100/16 74/224/16 76/98/16
f 70/225/17 102/226/17 98/227/17
f 252/228/2 250/229/2 251/230/2
f 390/231/8 393/232/8 394/233/8
f 253/234/5 249/235/5 252/228/5
f 69/236/36 158/237/36 71/238/36
f 87/239/37 146/240/37 88/186/37
f 111/241/38 79/242/38 112/243/38
f 79/244/4 43/245/4 50/246/4
f 91/247/39 167/248/39 92/249/39
f 368/250/6 321/251/6 322/252/6
f 46/253/40 134/254/40 136/255/40
f 159/256/2 167/257/2 162/258/2
f 55/259/4 46/253/4 66/260/4
f 139/261/2 149/262/2 147/263/2
f 326/264/6 367/265/6 325/266/6
f 400/267/6 398/268/6 397/269/6
f 352/270/7 365/271/7 349/272/7
f 15/56/8 32/273/8 13/54/8
f 170/22/35 217/274/35 218/275/35
f 432/276/8 434/277/8 433/278/8
f 191/279/4 199/280/4 190/281/4
f 29/282/4 28/283/4 27/284/4
f 185/75/4 195/285/4 194/286/4
f 632/163/4 293/287/4 278/161/4
f 188/44/1 203/288/1 204/289/1
f 193/290/41 212/291/41 196/292/41
f 433/293/5 440/294/5 439/295/5
f 180/296/7 229/81/7 181/83/7
f 209/297/7 192/298/7 208/299/7
f 194/286/7 201/73/7 185/75/7
f 130/300/8 77/301/8 109/302/8
f 169/303/6 202/304/6 201/73/6
f 301/305/6 286/306/6 287/307/6
f 206/308/1 199/280/1 215/309/1
f 262/310/7 265/311/7 266/312/7
f 191/279/7 206/308/7 207/132/7
f 415/313/5 406/314/5 416/315/5
f 214/133/6 175/316/6 182/214/6
f 24/317/5 38/318/5 23/319/5
f 174/320/8 223/215/8 175/316/8
f 231/321/6 223/322/6 222/323/6
f 13/324/6 22/325/6 15/33/6
f 623/326/6 304/327/6 631/328/6
f 229/34/6 225/329/6 224/330/6
f 203/288/8 200/331/8 216/332/8
f 183/333/7 230/216/7 231/334/7
f 124/335/42 56/336/42 122/212/42
f 231/334/5 174/320/5 183/333/5
f 125/337/7 81/338/7 51/339/7
f 171/340/6 204/289/6 203/288/6
f 468/341/7 469/342/7 470/343/7
f 177/344/8 224/345/8 225/346/8
f 179/24/12 226/347/12 178/348/12
f 243/349/17 242/350/17 241/351/17
f 95/352/43 151/353/43 96/126/43
f 409/354/8 420/343/8 410/355/8
f 120/356/44 68/357/44 66/210/44
f 263/47/1 265/311/1 261/45/1
f 412/358/1 413/359/1 414/360/1
f 404/361/5 401/362/5 402/363/5
f 248/364/21 236/4/21 238/6/21
f 262/310/5 268/365/5 264/46/5
f 247/366/17 246/367/17 245/368/17
f 132/369/34 44/370/34 130/300/34
f 445/371/8 450/372/8 449/373/8
f 93/130/45 150/374/45 95/352/45
f 193/290/4 197/375/4 192/298/4
f 4/376/8 8/377/8 3/378/8
f 252/228/21 256/379/21 253/234/21
f 447/380/7 451/381/7 452/382/7
f 180/296/6 213/383/6 212/291/6
f 385/384/6 396/385/6 395/386/6
f 92/249/20 168/387/20 90/388/20
f 460/389/7 463/390/7 465/391/7
f 260/217/6 268/365/6 266/312/6
f 641/392/6 276/393/6 640/394/6
f 2/395/6 4/396/6 3/397/6
f 635/398/4 320/399/4 297/120/4
f 7/396/4 6/400/4 8/401/4
f 106/402/42 82/403/42 81/338/42
f 89/145/45 166/404/45 91/247/45
f 90/388/46 157/405/46 69/406/46
f 626/407/8 651/153/8 669/408/8
f 644/409/8 652/156/8 677/410/8
f 302/411/6 298/412/6 280/413/6
f 283/414/6 299/415/6 303/416/6
f 383/417/6 376/78/6 375/71/6
f 314/16/1 300/418/1 283/419/1
f 310/420/4 316/197/4 309/421/4
f 306/422/4 312/191/4 291/423/4
f 337/424/4 345/425/4 346/426/4
f 116/427/47 64/428/47 114/429/47
f 302/430/8 312/431/8 281/432/8
f 84/433/48 108/434/48 107/435/48
f 301/436/1 309/437/1 282/438/1
f 319/439/7 301/175/7 287/440/7
f 308/441/8 299/442/8 300/443/8
f 307/444/7 280/445/7 298/179/7
f 257/219/7 271/446/7 258/447/7
f 45/448/5 121/449/5 134/450/5
f 288/451/1 318/452/1 285/178/1
f 318/453/8 305/454/8 285/455/8
f 316/456/8 282/457/8 309/458/8
f 339/459/1 358/25/1 355/460/1
f 144/461/5 85/462/5 58/463/5
f 103/169/24 155/464/24 156/167/24
f 391/465/4 389/466/4 390/467/4
f 41/468/49 131/469/49 129/470/49
f 351/471/7 366/472/7 367/473/7
f 371/474/8 328/475/8 327/78/8
f 328/476/10 373/477/10 329/478/10
f 323/479/8 370/480/8 324/481/8
f 290/482/4 317/194/4 318/483/4
f 348/484/4 349/13/4 347/15/4
f 308/485/4 292/180/4 289/182/4
f 344/486/4 351/487/4 343/488/4
f 324/489/50 377/490/50 333/491/50
f 342/492/8 357/271/8 358/493/8
f 350/494/1 360/495/1 366/496/1
f 346/497/8 361/498/8 362/499/8
f 358/500/51 330/501/51 327/502/51
f 351/487/5 359/503/5 343/488/5
f 364/498/8 347/472/8 363/233/8
f 8/401/5 2/504/5 3/505/5
f 338/506/5 361/507/5 345/425/5
f 344/233/8 359/508/8 360/509/8
f 340/510/5 357/511/5 341/512/5
f 196/292/8 213/383/8 197/375/8
f 38/513/7 11/56/7 23/514/7
f 337/497/7 354/471/7 338/473/7
f 340/515/7 355/516/7 356/517/7
f 353/518/1 346/519/1 362/520/1
f 332/521/6 366/522/6 360/523/6
f 322/524/50 379/525/50 335/57/50
f 334/526/6 353/527/6 362/528/6
f 278/161/1 663/529/1 664/530/1
f 39/41/8 24/514/8 10/56/8
f 26/531/7 19/55/7 25/68/7
f 342/532/4 340/510/4 341/512/4
f 381/533/6 380/534/6 379/525/6
f 372/535/6 374/536/6 373/537/6
f 370/538/6 378/250/6 377/490/6
f 22/539/1 35/540/1 15/66/1
f 328/476/6 356/541/6 355/542/6
f 325/543/3 376/544/3 382/545/3
f 336/546/7 379/547/7 380/548/7
f 32/49/5 21/549/5 13/550/5
f 331/551/7 376/474/7 332/495/7
f 391/552/1 394/553/1 395/554/1
f 377/555/7 334/556/7 333/557/7
f 321/558/3 380/559/3 384/560/3
f 326/561/8 382/562/8 383/563/8
f 329/475/7 374/564/7 330/78/7
f 192/298/1 213/383/1 208/299/1
f 215/309/8 198/131/8 214/133/8
f 114/429/35 67/565/35 117/566/35
f 255/379/17 253/567/17 256/568/17
f 394/569/6 393/570/6 388/571/6
f 405/91/7 403/96/7 406/85/7
f 412/96/8 404/572/8 402/573/8
f 441/574/5 448/575/5 447/576/5
f 206/308/6 215/309/6 174/320/6
f 133/206/52 48/64/52 135/577/52
f 6/578/7 1/579/7 2/580/7
f 232/581/7 172/582/7 184/583/7
f 249/235/53 255/584/53 250/229/53
f 180/296/1 225/346/1 228/585/1
f 158/237/15 72/586/15 71/238/15
f 387/587/7 398/588/7 388/589/7
f 226/347/8 169/303/8 178/348/8
f 220/590/8 173/591/8 171/340/8
f 179/24/6 210/592/6 211/593/6
f 264/46/8 267/594/8 263/47/8
f 429/595/6 428/359/6 427/596/6
f 424/597/5 423/598/5 421/599/5
f 439/600/8 443/390/8 444/601/8
f 425/602/54 429/603/54 423/604/54
f 85/462/55 148/605/55 87/239/55
f 447/576/4 446/606/4 443/607/4
f 444/608/1 446/609/1 445/610/1
f 251/230/1 255/584/1 256/379/1
f 109/302/52 78/611/52 111/241/52
f 239/612/2 235/613/2 240/614/2
f 449/615/1 408/616/1 407/617/1
f 189/42/7 204/289/7 205/618/7
f 131/619/44 43/620/44 132/369/44
f 195/285/8 202/304/8 211/593/8
f 454/572/8 466/621/8 464/622/8
f 235/613/21 243/623/21 240/614/21
f 453/624/1 456/625/1 454/626/1
f 271/446/5 259/627/5 258/447/5
f 40/628/1 10/66/1 11/539/1
f 408/629/7 411/630/7 407/389/7
f 409/631/1 452/632/1 451/633/1
f 260/217/8 269/634/8 270/635/8
f 475/636/7 478/637/7 476/603/7
f 200/331/5 205/618/5 216/332/5
f 490/638/1 483/639/1 489/640/1
f 444/641/6 445/642/6 448/643/6
f 173/591/1 232/581/1 184/583/1
f 422/644/1 425/645/1 420/646/1
f 172/582/5 220/590/5 171/340/5
f 129/143/1 49/184/1 41/647/1
f 239/612/11 242/79/11 234/648/11
f 474/649/56 479/86/56 473/650/56
f 494/651/8 490/652/8 489/653/8
f 487/654/5 485/655/5 486/656/5
f 240/614/5 241/657/5 239/612/5
f 117/658/6 133/659/6 121/660/6
f 80/661/5 105/203/5 110/662/5
f 498/663/1 492/610/1 497/664/1
f 123/665/48 55/666/48 124/335/48
f 496/667/5 494/668/5 495/669/5
f 127/151/19 51/339/19 52/149/19
f 139/670/57 75/671/57 73/672/57
f 386/673/50 397/269/50 387/674/50
f 237/5/1 248/364/1 238/6/1
f 396/472/7 391/675/7 395/492/7
f 435/676/1 438/677/1 436/664/1
f 418/678/7 415/679/7 416/680/7
f 426/391/7 423/604/7 424/681/7
f 392/682/5 393/683/5 389/466/5
f 234/648/1 244/684/1 235/613/1
f 502/685/5 461/686/5 501/687/5
f 267/594/6 258/447/6 259/627/6
f 491/688/7 487/382/7 492/689/7
f 7/690/1 1/691/1 5/692/1
f 194/286/1 211/593/1 210/592/1
f 461/693/8 472/694/8 471/341/8
f 176/82/6 209/297/6 208/299/6
f 474/695/5 477/696/5 480/92/5
f 216/332/6 205/618/6 184/583/6
f 121/449/33 54/697/33 123/698/33
f 473/699/1 475/700/1 476/701/1
f 99/164/37 162/702/37 100/137/37
f 495/669/6 494/668/6 498/703/6
f 327/502/58 374/704/58 371/705/58
f 493/706/4 496/707/4 497/708/4
f 501/709/7 497/710/7 502/711/7
f 484/712/8 432/630/8 483/713/8
f 458/714/1 467/715/1 468/716/1
f 499/372/8 496/710/8 495/621/8
f 18/717/6 20/718/6 14/719/6
f 270/720/6 271/721/6 272/722/6
f 18/723/5 25/12/5 19/724/5
f 119/725/49 67/135/49 68/726/49
f 34/727/5 9/723/5 28/283/5
f 17/718/6 9/717/6 12/728/6
f 504/729/6 505/730/6 503/731/6
f 508/732/6 509/733/6 507/734/6
f 512/735/6 513/736/6 511/737/6
f 516/738/6 517/739/6 515/740/6
f 520/741/6 521/742/6 519/743/6
f 524/744/6 525/745/6 523/746/6
f 528/747/6 529/748/6 527/749/6
f 532/750/6 533/751/6 531/752/6
f 536/753/6 546/754/6 547/755/6
f 545/756/6 537/757/6 535/758/6
f 540/759/6 542/760/6 541/761/6
f 539/762/6 543/763/6 548/764/6
f 552/765/6 562/766/6 563/767/6
f 561/768/6 553/769/6 551/770/6
f 556/771/6 558/772/6 557/773/6
f 555/774/6 559/775/6 564/776/6
f 568/777/6 569/778/6 567/779/6
f 572/777/6 573/778/6 571/779/6
f 576/780/6 577/781/6 575/782/6
f 580/780/6 581/781/6 579/782/6
f 583/783/6 584/784/6 586/785/6
f 587/786/6 588/787/6 590/788/6
f 591/789/6 592/790/6 594/791/6
f 595/792/6 596/793/6 598/794/6
f 599/795/59 600/796/59 602/797/59
f 606/798/59 605/799/59 604/800/59
f 607/801/59 608/802/59 610/803/59
f 611/804/59 612/805/59 614/806/59
f 616/807/6 617/808/6 615/809/6
f 620/810/6 621/811/6 619/812/6
f 293/287/8 665/813/8 663/529/8
f 628/814/8 670/815/8 665/813/8
f 627/816/8 669/408/8 670/815/8
f 274/817/6 656/818/6 275/819/6
f 625/820/6 630/821/6 629/822/6
f 654/823/6 649/824/6 657/825/6
f 295/154/4 634/826/4 296/152/4
f 634/826/4 627/816/4 633/827/4
f 633/827/4 628/814/4 632/163/4
f 634/826/7 650/828/7 296/152/7
f 633/827/7 673/829/7 634/826/7
f 632/163/7 672/830/7 633/827/7
f 320/399/8 666/831/8 667/211/8
f 646/832/8 678/833/8 666/831/8
f 645/834/8 677/410/8 678/833/8
f 294/155/4 644/409/4 637/835/4
f 637/835/4 645/834/4 636/836/4
f 636/836/4 646/832/4 635/398/4
f 315/837/6 658/838/6 313/839/6
f 643/840/6 639/841/6 638/842/6
f 661/843/6 647/844/6 659/845/6
f 648/846/7 637/835/7 676/847/7
f 676/847/7 636/836/7 675/848/7
f 675/848/7 635/398/7 674/119/7
f 276/849/6 676/847/6 640/850/6
f 304/851/6 673/829/6 631/852/6
f 277/853/6 650/828/6 304/851/6
f 273/854/6 648/846/6 276/849/6
f 277/853/6 669/408/6 651/153/6
f 624/855/6 665/813/6 670/815/6
f 630/856/6 671/162/6 629/857/6
f 625/858/60 671/162/60 665/813/60
f 624/855/6 672/830/6 630/856/6
f 631/852/60 669/408/60 623/859/60
f 639/860/6 674/119/6 638/861/6
f 641/862/6 652/156/6 273/854/6
f 642/863/6 666/831/6 678/833/6
f 643/864/60 674/119/60 666/831/60
f 639/860/60 678/833/60 675/848/60
f 640/850/60 677/410/60 641/862/60
f 275/865/60 663/529/60 274/866/60
f 655/867/6 663/529/6 665/813/6
f 315/868/6 666/831/6 662/869/6
f 313/870/6 667/211/6 315/868/6
f 653/871/6 670/815/6 669/408/6
f 275/865/6 671/162/6 664/530/6
f 649/872/6 672/830/6 657/873/6
f 655/867/6 671/162/6 656/874/6
f 657/873/51 670/815/51 654/875/51
f 653/871/6 673/829/6 649/872/6
f 658/876/6 668/121/6 313/870/6
f 647/877/6 675/848/6 659/878/6
f 661/879/6 677/410/6 660/880/6
f 658/876/60 666/831/60 674/119/60
f 661/879/6 675/848/6 678/833/6
f 660/880/60 676/847/60 647/877/60
f 94/1/1 152/127/1 139/2/1
f 236/4/2 233/220/2 237/5/2
f 385/7/58 388/881/58 398/8/58
f 30/10/4 31/719/4 26/11/4
f 349/13/5 365/882/5 363/14/5
f 284/16/6 288/883/6 285/17/6
f 27/19/1 16/66/1 17/20/1
f 170/22/7 218/275/7 227/23/7
f 352/25/1 348/884/1 364/26/1
f 385/28/8 399/885/8 400/29/8
f 24/31/6 23/886/6 11/32/6
f 221/34/6 220/887/6 219/35/6
f 227/34/6 218/887/6 217/37/6
f 40/39/4 38/318/4 37/40/4
f 189/42/4 200/331/4 187/43/4
f 261/45/4 262/310/4 264/46/4
f 36/48/4 33/888/4 32/49/4
f 333/889/6 362/528/6 361/52/6
f 354/53/6 353/527/6 323/890/6
f 324/51/6 333/889/6 361/52/6
f 354/53/6 323/890/6 324/51/6
f 21/54/7 33/891/7 36/55/7
f 336/892/6 321/558/6 364/893/6
f 365/59/6 368/894/6 322/524/6
f 335/57/61 336/892/61 364/893/61
f 365/59/6 322/524/6 335/57/6
f 335/57/6 364/893/6 363/58/6
f 323/60/3 334/895/3 378/61/3
f 136/63/9 135/577/9 48/64/9
f 20/20/35 26/21/35 31/19/35
f 14/67/8 31/531/8 30/68/8
f 326/70/50 383/417/50 375/71/50
f 201/73/5 202/304/5 186/74/5
f 321/76/8 384/896/8 381/77/8
f 237/5/11 233/220/11 245/79/11
f 229/81/12 224/345/12 176/82/12
f 427/84/13 428/897/13 422/85/13
f 34/68/7 29/898/7 17/87/7
f 438/88/7 437/899/7 442/89/7
f 458/91/7 455/89/7 453/90/7
f 480/92/6 482/900/6 481/93/6
f 477/95/14 475/636/14 481/96/14
f 76/98/62 75/671/62 140/99/62
f 70/101/63 72/586/63 159/102/63
f 486/104/7 485/901/7 435/105/7
f 74/109/17 57/902/17 59/903/17
f 59/903/64 60/904/64 58/905/64
f 58/905/65 85/226/65 87/906/65
f 87/906/66 88/907/66 86/107/66
f 86/107/17 93/908/17 95/909/17
f 95/909/17 96/910/17 94/108/17
f 94/108/64 73/911/64 75/912/64
f 75/912/17 76/913/17 74/109/17
f 74/109/17 59/903/17 58/905/17
f 58/905/17 87/906/17 86/107/17
f 86/107/17 95/909/17 94/108/17
f 94/108/17 75/912/17 74/109/17
f 74/109/17 58/905/17 86/107/17
f 460/110/5 500/380/5 499/111/5
f 465/113/5 463/914/5 464/114/5
f 153/116/18 163/165/18 97/117/18
f 674/119/7 635/398/7 297/120/7
f 16/122/8 27/898/8 28/68/8
f 113/123/19 61/213/19 62/124/19
f 96/126/67 151/353/67 152/127/67
f 86/128/21 145/915/21 149/129/21
f 198/131/5 191/279/5 207/132/5
f 112/134/40 79/726/40 80/135/40
f 100/137/23 162/702/23 161/138/23
f 160/140/53 155/464/53 101/141/53
f 98/143/68 161/916/68 165/144/68
f 141/146/24 142/173/24 59/147/24
f 52/149/25 50/917/25 128/150/25
f 296/152/5 650/828/5 651/153/5
f 294/155/12 648/846/12 652/156/12
f 306/158/1 291/918/1 302/159/1
f 278/161/7 664/530/7 671/162/7
f 99/164/26 97/117/26 163/165/26
f 156/167/27 154/199/27 104/168/27
f 58/170/69 60/174/69 143/171/69
f 142/173/27 143/171/27 60/174/27
f 290/159/7 288/440/7 284/175/7
f 303/177/7 292/919/7 314/178/7
f 292/180/5 303/920/5 299/181/5
f 128/183/70 50/921/70 49/184/70
f 88/186/23 146/240/23 145/187/23
f 307/189/5 298/922/5 281/190/5
f 311/192/5 284/923/5 305/193/5
f 319/195/5 287/924/5 286/196/5
f 102/198/28 104/168/28 154/199/28
f 83/201/33 84/925/33 107/202/33
f 115/125/25 62/124/25 63/204/25
f 133/206/8 118/209/8 65/207/8
f 118/209/34 120/356/34 66/210/34
f 297/120/1 320/399/1 667/211/1
f 122/212/7 56/336/7 61/213/7
f 57/148/11 74/926/11 137/204/11
f 182/214/1 175/316/1 223/215/1
f 260/217/1 270/635/1 272/218/1
f 233/220/5 236/4/5 247/221/5
f 125/223/61 127/927/61 128/928/61
f 128/928/60 126/929/60 129/930/60
f 129/930/6 131/931/6 132/932/6
f 132/932/61 130/933/61 109/222/61
f 109/222/51 111/934/51 112/935/51
f 112/935/60 110/662/60 105/203/60
f 105/203/60 107/936/60 108/937/60
f 108/937/71 106/938/71 125/223/71
f 125/223/6 128/928/6 129/930/6
f 129/930/6 132/932/6 109/222/6
f 109/222/6 112/935/6 105/203/6
f 105/203/6 108/937/6 125/223/6
f 125/223/6 129/930/6 109/222/6
f 138/100/63 137/939/63 74/224/63
f 98/227/17 89/940/17 91/941/17
f 91/941/17 92/942/17 90/943/17
f 90/943/72 69/944/72 71/945/72
f 71/945/17 72/946/17 70/225/17
f 70/225/64 101/947/64 103/948/64
f 103/948/72 104/949/72 102/226/72
f 102/226/17 97/905/17 99/950/17
f 99/950/17 100/951/17 98/227/17
f 98/227/17 91/941/17 90/943/17
f 90/943/17 71/945/17 70/225/17
f 70/225/17 103/948/17 102/226/17
f 102/226/17 99/950/17 98/227/17
f 98/227/17 90/943/17 70/225/17
f 252/228/2 249/235/2 250/229/2
f 390/231/8 389/952/8 393/232/8
f 253/234/5 254/953/5 249/235/5
f 69/236/36 157/954/36 158/237/36
f 87/239/73 148/605/73 146/240/73
f 111/241/9 78/611/9 79/242/9
f 50/246/74 52/955/74 51/956/74
f 51/956/75 81/957/75 82/958/75
f 82/958/76 84/959/76 83/960/76
f 83/960/4 80/961/4 79/244/4
f 79/244/4 78/962/4 77/963/4
f 77/963/4 44/964/4 43/245/4
f 43/245/4 42/965/4 41/468/4
f 41/468/4 49/966/4 50/246/4
f 50/246/4 51/956/4 82/958/4
f 82/958/4 83/960/4 79/244/4
f 79/244/4 77/963/4 43/245/4
f 43/245/4 41/468/4 50/246/4
f 50/246/4 82/958/4 79/244/4
f 91/247/43 166/404/43 167/248/43
f 368/250/6 364/967/6 321/251/6
f 46/253/40 45/968/40 134/254/40
f 162/258/77 164/969/77 163/970/77
f 163/970/78 153/971/78 154/972/78
f 154/972/2 156/973/2 155/974/2
f 155/974/2 160/975/2 159/256/2
f 159/256/2 158/976/2 157/977/2
f 157/977/2 168/978/2 167/257/2
f 167/257/2 166/979/2 165/980/2
f 165/980/79 161/981/79 162/258/79
f 162/258/2 163/970/2 154/972/2
f 154/972/2 155/974/2 159/256/2
f 159/256/2 157/977/2 167/257/2
f 167/257/2 165/980/2 162/258/2
f 162/258/2 154/972/2 159/256/2
f 66/260/74 68/982/74 67/983/74
f 67/983/76 64/984/76 63/985/76
f 63/985/74 62/986/74 61/987/74
f 61/987/74 56/988/74 55/259/74
f 55/259/4 54/989/4 53/990/4
f 53/990/4 45/968/4 46/253/4
f 46/253/4 48/991/4 47/992/4
f 47/992/74 65/993/74 66/260/74
f 66/260/4 67/983/4 63/985/4
f 63/985/4 61/987/4 55/259/4
f 55/259/4 53/990/4 46/253/4
f 46/253/4 47/992/4 66/260/4
f 66/260/4 63/985/4 55/259/4
f 147/263/79 144/977/79 143/994/79
f 143/994/2 142/995/2 141/996/2
f 141/996/79 137/997/79 138/998/79
f 138/998/2 140/999/2 139/261/2
f 139/261/78 152/1000/78 151/1001/78
f 151/1001/80 150/1002/80 149/262/80
f 149/262/2 145/1003/2 146/1004/2
f 146/1004/2 148/1005/2 147/263/2
f 147/263/2 143/994/2 141/996/2
f 141/996/2 138/998/2 139/261/2
f 139/261/2 151/1001/2 149/262/2
f 149/262/2 146/1004/2 147/263/2
f 147/263/2 141/996/2 139/261/2
f 326/264/6 359/1006/6 367/265/6
f 400/267/6 399/1007/6 398/268/6
f 352/270/7 368/493/7 365/271/7
f 15/56/8 35/50/8 32/273/8
f 170/22/35 169/303/35 217/274/35
f 432/276/8 431/1008/8 434/277/8
f 191/279/4 198/131/4 199/280/4
f 29/282/4 34/727/4 28/283/4
f 185/75/4 186/74/4 195/285/4
f 632/163/4 628/814/4 293/287/4
f 188/44/1 187/43/1 203/288/1
f 193/290/5 209/297/5 212/291/5
f 433/293/5 434/1009/5 440/294/5
f 180/296/7 228/585/7 229/81/7
f 209/297/7 193/290/7 192/298/7
f 194/286/7 210/592/7 201/73/7
f 130/300/8 44/370/8 77/301/8
f 169/303/6 170/22/6 202/304/6
f 201/73/6 178/348/6 169/303/6
f 301/305/6 282/1010/6 286/306/6
f 206/308/1 190/281/1 199/280/1
f 262/310/7 261/45/7 265/311/7
f 191/279/7 190/281/7 206/308/7
f 415/313/5 405/1011/5 406/314/5
f 214/133/6 207/132/6 175/316/6
f 182/214/6 215/309/6 214/133/6
f 24/317/5 37/40/5 38/318/5
f 174/320/8 222/1012/8 223/215/8
f 231/321/6 230/887/6 223/322/6
f 13/324/6 21/1013/6 22/325/6
f 623/326/6 277/1014/6 304/327/6
f 229/34/6 228/887/6 225/329/6
f 203/288/8 187/43/8 200/331/8
f 183/333/7 182/214/7 230/216/7
f 124/335/42 55/666/42 56/336/42
f 231/334/5 222/1012/5 174/320/5
f 125/337/7 106/402/7 81/338/7
f 203/288/61 184/583/61 172/582/61
f 171/340/6 173/591/6 204/289/6
f 203/288/6 172/582/6 171/340/6
f 468/341/7 467/694/7 469/342/7
f 177/344/8 176/82/8 224/345/8
f 179/24/81 227/23/81 226/347/81
f 243/349/17 244/1015/17 242/350/17
f 95/352/39 150/374/39 151/353/39
f 409/354/8 419/342/8 420/343/8
f 120/356/44 119/1016/44 68/357/44
f 263/47/1 267/594/1 265/311/1
f 412/358/1 411/1017/1 413/359/1
f 404/361/5 403/1018/5 401/362/5
f 248/364/21 247/221/21 236/4/21
f 262/310/5 266/312/5 268/365/5
f 247/366/17 248/623/17 246/367/17
f 132/369/34 43/620/34 44/370/34
f 445/371/8 446/1019/8 450/372/8
f 93/130/45 149/129/45 150/374/45
f 193/290/4 196/292/4 197/375/4
f 4/376/8 7/1020/8 8/377/8
f 252/228/21 251/230/21 256/379/21
f 447/380/7 448/371/7 451/381/7
f 209/297/6 177/344/6 180/296/6
f 181/83/6 208/299/6 213/383/6
f 212/291/51 209/297/51 180/296/51
f 180/296/6 181/83/6 213/383/6
f 385/384/6 386/1021/6 396/385/6
f 92/249/20 167/248/20 168/387/20
f 460/389/7 459/629/7 463/390/7
f 265/311/6 267/594/6 259/627/6
f 265/311/6 259/627/6 260/217/6
f 257/219/6 258/447/6 268/365/6
f 266/312/6 265/311/6 260/217/6
f 260/217/6 257/219/6 268/365/6
f 641/392/6 273/1022/6 276/393/6
f 2/395/6 1/1023/6 4/396/6
f 635/398/4 646/832/4 320/399/4
f 7/396/4 5/1024/4 6/400/4
f 106/402/42 108/434/42 82/403/42
f 89/145/45 165/144/45 166/404/45
f 90/388/46 168/387/46 157/405/46
f 626/407/8 295/154/8 651/153/8
f 644/409/8 279/157/8 652/156/8
f 302/411/6 281/1025/6 298/412/6
f 283/414/6 300/1026/6 299/415/6
f 383/417/6 382/1027/6 376/78/6
f 314/16/1 308/1028/1 300/418/1
f 310/420/4 319/195/4 316/197/4
f 306/422/4 307/189/4 312/191/4
f 337/424/4 338/506/4 345/425/4
f 116/427/70 63/1029/70 64/428/70
f 302/430/8 291/1030/8 312/431/8
f 84/433/48 82/403/48 108/434/48
f 301/436/1 310/1031/1 309/437/1
f 319/439/7 310/1032/7 301/175/7
f 308/441/8 289/176/8 299/442/8
f 307/444/7 306/1033/7 280/445/7
f 257/219/7 272/218/7 271/446/7
f 45/448/5 53/1034/5 121/449/5
f 288/451/1 290/1035/1 318/452/1
f 318/453/8 317/1036/8 305/454/8
f 316/456/8 286/1037/8 282/457/8
f 339/459/1 342/1038/1 358/25/1
f 144/461/5 147/1039/5 85/462/5
f 103/169/24 101/141/24 155/464/24
f 391/465/4 392/682/4 389/466/4
f 41/468/82 42/965/82 131/469/82
f 351/471/7 350/1040/7 366/472/7
f 371/474/8 372/1041/8 328/475/8
f 328/476/50 372/1042/50 373/477/50
f 323/479/8 369/588/8 370/480/8
f 290/482/4 311/192/4 317/194/4
f 348/484/4 352/1043/4 349/13/4
f 308/485/4 314/1044/4 292/180/4
f 344/486/4 350/1045/4 351/487/4
f 324/489/10 370/538/10 377/490/10
f 342/492/8 341/515/8 357/271/8
f 350/494/1 344/1046/1 360/495/1
f 346/497/8 345/473/8 361/498/8
f 358/500/6 357/1047/6 330/501/6
f 351/487/5 367/1048/5 359/503/5
f 364/498/8 348/473/8 347/472/8
f 8/401/5 6/400/5 2/504/5
f 338/506/5 354/1049/5 361/507/5
f 344/233/8 343/232/8 359/508/8
f 340/510/5 356/1050/5 357/511/5
f 196/292/8 212/291/8 213/383/8
f 38/513/7 40/55/7 11/56/7
f 337/497/7 353/1051/7 354/471/7
f 340/515/7 339/492/7 355/516/7
f 353/518/1 337/1052/1 346/519/1
f 359/1006/51 326/264/51 331/1053/51
f 359/1006/6 331/1053/6 332/521/6
f 325/266/6 367/265/6 366/522/6
f 360/523/6 359/1006/6 332/521/6
f 332/521/60 325/266/60 366/522/60
f 322/524/10 381/533/10 379/525/10
f 362/528/6 333/889/6 334/526/6
f 334/526/60 323/890/60 353/527/60
f 278/161/1 293/287/1 663/529/1
f 39/41/8 37/1054/8 24/514/8
f 26/531/7 20/1055/7 19/55/7
f 342/532/4 339/1056/4 340/510/4
f 381/533/6 384/1057/6 380/534/6
f 372/535/6 371/1058/6 374/536/6
f 370/538/6 369/1059/6 378/250/6
f 22/539/1 36/1060/1 35/540/1
f 329/478/6 330/1061/6 357/1062/6
f 355/542/60 358/1063/60 327/1064/60
f 328/476/6 329/478/6 357/1062/6
f 355/542/6 327/1064/6 328/476/6
f 328/476/51 357/1062/51 356/541/51
f 325/543/3 332/561/3 376/544/3
f 336/546/7 335/1065/7 379/547/7
f 32/49/5 33/888/5 21/549/5
f 331/551/7 375/1041/7 376/474/7
f 391/552/1 390/1066/1 394/553/1
f 377/555/7 378/1067/7 334/556/7
f 321/558/3 336/892/3 380/559/3
f 326/561/8 325/1068/8 382/562/8
f 329/475/7 373/1069/7 374/564/7
f 192/298/1 197/375/1 213/383/1
f 215/309/8 199/280/8 198/131/8
f 114/429/1 64/428/1 67/565/1
f 255/379/17 254/1070/17 253/567/17
f 393/570/6 396/1071/6 386/1072/6
f 393/570/51 386/1072/51 387/1073/51
f 385/384/6 395/386/6 394/569/6
f 393/570/6 387/1073/6 388/571/6
f 388/571/6 385/384/6 394/569/6
f 405/91/7 401/1074/7 403/96/7
f 412/96/8 414/1074/8 404/572/8
f 441/574/5 442/1075/5 448/575/5
f 215/309/6 182/214/6 183/333/6
f 174/320/61 175/316/61 207/132/61
f 215/309/6 183/333/6 174/320/6
f 174/320/6 207/132/6 206/308/6
f 133/206/52 47/208/52 48/64/52
f 6/578/7 5/1076/7 1/579/7
f 232/581/7 219/1077/7 172/582/7
f 249/235/53 254/953/53 255/584/53
f 180/296/1 177/344/1 225/346/1
f 158/237/62 159/102/62 72/586/62
f 387/587/7 397/480/7 398/588/7
f 226/347/8 217/274/8 169/303/8
f 220/590/8 221/1078/8 173/591/8
f 202/304/6 170/22/6 179/24/6
f 178/348/6 201/73/6 210/592/6
f 211/593/6 202/304/6 179/24/6
f 179/24/6 178/348/6 210/592/6
f 264/46/8 268/365/8 267/594/8
f 429/595/6 430/1079/6 428/359/6
f 417/1080/5 418/1081/5 424/597/5
f 423/598/5 429/97/5 427/1082/5
f 421/599/5 417/1080/5 424/597/5
f 423/598/5 427/1082/5 421/599/5
f 439/600/8 440/678/8 443/390/8
f 425/602/14 430/637/14 429/603/14
f 85/462/83 147/1039/83 148/605/83
f 420/646/4 426/1083/4 424/1084/4
f 420/646/4 424/1084/4 418/1085/4
f 410/1086/4 420/646/4 418/1085/4
f 406/314/4 403/1018/4 404/361/4
f 404/361/4 414/1087/4 413/1088/4
f 404/361/4 413/1088/4 408/1089/4
f 406/314/76 404/361/76 408/1089/76
f 406/314/4 408/1089/4 450/1090/4
f 410/1086/4 418/1085/4 416/315/4
f 452/1091/4 410/1086/4 416/315/4
f 416/315/4 406/314/4 450/1090/4
f 440/294/4 434/1009/4 431/1092/4
f 440/294/76 431/1092/76 436/1093/76
f 440/294/4 436/1093/4 438/1094/4
f 452/1091/84 416/315/84 450/1090/84
f 443/607/4 440/294/4 438/1094/4
f 447/576/4 452/1091/4 450/1090/4
f 443/607/4 438/1094/4 441/574/4
f 447/576/4 450/1090/4 446/606/4
f 443/607/4 441/574/4 447/576/4
f 444/608/1 443/106/1 446/609/1
f 251/230/85 250/229/85 255/584/85
f 109/302/52 77/301/52 78/611/52
f 239/612/2 234/648/2 235/613/2
f 449/615/1 450/1095/1 408/616/1
f 189/42/7 188/44/7 204/289/7
f 131/619/44 42/1096/44 43/620/44
f 195/285/8 186/74/8 202/304/8
f 454/572/8 456/573/8 466/621/8
f 235/613/21 244/684/21 243/623/21
f 453/624/1 455/1097/1 456/625/1
f 271/446/5 269/634/5 259/627/5
f 40/628/1 39/1098/1 10/66/1
f 408/629/7 413/693/7 411/630/7
f 409/631/1 410/1099/1 452/632/1
f 260/217/8 259/627/8 269/634/8
f 475/636/7 477/95/7 478/637/7
f 200/331/5 189/42/5 205/618/5
f 490/638/1 484/1100/1 483/639/1
f 432/1101/6 433/1102/6 439/1103/6
f 435/1104/60 432/1101/60 439/1103/60
f 421/1105/6 422/1106/6 419/1107/6
f 417/1108/6 421/1105/6 419/1107/6
f 417/1108/6 419/1107/6 409/1109/6
f 402/1110/6 401/1111/6 405/1112/6
f 411/1113/6 412/1114/6 402/1110/6
f 407/1115/6 411/1113/6 402/1110/6
f 407/1115/86 402/1110/86 405/1112/86
f 449/1116/6 407/1115/6 405/1112/6
f 415/1117/6 417/1108/6 409/1109/6
f 415/1117/6 409/1109/6 451/1118/6
f 449/1116/6 405/1112/6 415/1117/6
f 437/1119/6 435/1104/6 439/1103/6
f 449/1116/60 415/1117/60 451/1118/60
f 437/1119/6 439/1103/6 444/641/6
f 449/1116/6 451/1118/6 448/643/6
f 442/1120/6 437/1119/6 444/641/6
f 445/642/6 449/1116/6 448/643/6
f 448/643/6 442/1120/6 444/641/6
f 173/591/1 221/1078/1 232/581/1
f 420/646/1 419/1121/1 422/644/1
f 422/644/1 428/1122/1 430/1123/1
f 425/645/1 426/1083/1 420/646/1
f 422/644/1 430/1123/1 425/645/1
f 172/582/5 219/1077/5 220/590/5
f 129/143/1 126/185/1 49/184/1
f 239/612/53 241/657/53 242/79/53
f 474/649/13 480/85/13 479/86/13
f 494/651/8 493/1124/8 490/652/8
f 487/654/5 488/1125/5 485/655/5
f 240/614/5 243/623/5 241/657/5
f 121/660/6 123/1126/6 124/1127/6
f 124/1127/6 122/1128/6 113/1129/6
f 113/1129/6 115/1130/6 116/1131/6
f 116/1131/60 114/1132/60 117/658/60
f 117/658/6 119/1133/6 120/1134/6
f 120/1134/61 118/1135/61 133/659/61
f 133/659/71 135/1136/71 136/1137/71
f 136/1137/6 134/1138/6 121/660/6
f 121/660/6 124/1127/6 113/1129/6
f 113/1129/6 116/1131/6 117/658/6
f 117/658/6 120/1134/6 133/659/6
f 133/659/6 136/1137/6 121/660/6
f 121/660/6 113/1129/6 117/658/6
f 80/661/41 83/201/41 105/203/41
f 498/663/1 491/631/1 492/610/1
f 123/665/48 54/1139/48 55/666/48
f 496/667/5 493/1140/5 494/668/5
f 127/151/19 125/337/19 51/339/19
f 139/670/87 140/99/87 75/671/87
f 386/673/50 400/267/50 397/269/50
f 237/5/1 246/80/1 248/364/1
f 396/472/7 392/1040/7 391/675/7
f 435/676/1 437/1141/1 438/677/1
f 418/678/7 417/600/7 415/679/7
f 426/391/7 425/602/7 423/604/7
f 392/682/5 396/1142/5 393/683/5
f 234/648/1 242/79/1 244/684/1
f 502/685/5 462/1143/5 461/686/5
f 267/594/6 268/365/6 258/447/6
f 491/688/7 488/1144/7 487/382/7
f 7/690/1 4/1145/1 1/691/1
f 194/286/1 195/285/1 211/593/1
f 461/693/8 462/1146/8 472/694/8
f 208/299/6 181/83/6 176/82/6
f 176/82/6 177/344/6 209/297/6
f 474/695/5 471/1147/5 472/1148/5
f 472/1148/5 478/1149/5 477/696/5
f 477/696/5 482/900/5 480/92/5
f 474/695/5 472/1148/5 477/696/5
f 205/618/6 204/289/6 173/591/6
f 184/583/6 203/288/6 216/332/6
f 205/618/6 173/591/6 184/583/6
f 121/449/33 53/1034/33 54/697/33
f 476/701/1 470/1150/1 469/1151/1
f 473/699/1 479/1152/1 481/1153/1
f 476/701/1 469/1151/1 473/699/1
f 473/699/1 481/1153/1 475/700/1
f 99/164/37 164/166/37 162/702/37
f 483/639/6 432/1154/6 435/1155/6
f 483/639/6 435/1155/6 485/1156/6
f 489/640/6 483/639/6 485/1156/6
f 471/1157/6 474/1158/6 473/699/6
f 471/1157/6 473/699/6 469/1151/6
f 461/1159/6 471/1157/6 469/1151/6
f 457/1160/6 453/624/6 454/626/6
f 454/626/6 464/1161/6 463/1162/6
f 454/626/6 463/1162/6 459/1163/6
f 457/1160/51 454/626/51 459/1163/51
f 457/1160/6 459/1163/6 499/1164/6
f 461/1159/6 469/1151/6 467/715/6
f 501/1165/6 461/1159/6 467/715/6
f 467/715/6 457/1160/6 499/1164/6
f 489/640/6 485/1156/6 488/1166/6
f 501/1165/51 467/715/51 499/1164/51
f 494/668/6 489/640/6 488/1166/6
f 498/703/6 501/1165/6 499/1164/6
f 494/668/6 488/1166/6 491/1167/6
f 498/703/6 499/1164/6 495/669/6
f 494/668/6 491/1167/6 498/703/6
f 327/502/3 330/501/3 374/704/3
f 486/1168/4 436/1169/4 431/1170/4
f 460/1171/4 465/1172/4 466/1173/4
f 466/1173/4 456/1174/4 455/1175/4
f 466/1173/4 455/1175/4 458/1176/4
f 460/1171/88 466/1173/88 458/1176/88
f 470/1177/4 476/1178/4 478/1179/4
f 486/1168/4 431/1170/4 484/1180/4
f 486/1168/4 484/1180/4 490/1181/4
f 470/1177/4 478/1179/4 472/1182/4
f 460/1171/4 458/1176/4 468/1183/4
f 500/1184/4 460/1171/4 468/1183/4
f 468/1183/4 470/1177/4 472/1182/4
f 468/1183/4 472/1182/4 462/1185/4
f 487/1186/4 486/1168/4 490/1181/4
f 468/1183/4 462/1185/4 502/1187/4
f 487/1186/4 490/1181/4 493/706/4
f 500/1184/76 468/1183/76 502/1187/76
f 492/1188/4 487/1186/4 493/706/4
f 500/1184/4 502/1187/4 497/708/4
f 497/708/4 492/1188/4 493/706/4
f 496/707/4 500/1184/4 497/708/4
f 501/709/7 498/1189/7 497/710/7
f 484/712/8 431/693/8 432/630/8
f 458/714/1 457/1160/1 467/715/1
f 499/372/8 500/1190/8 496/710/8
f 18/717/6 19/728/6 20/718/6
f 270/720/6 269/1191/6 271/721/6
f 18/723/41 30/10/41 25/12/41
f 119/725/89 117/1192/89 67/135/89
f 34/727/5 12/1193/5 9/723/5
f 17/718/6 16/719/6 9/717/6
f 504/729/6 506/1194/6 505/730/6
f 508/732/6 510/1195/6 509/733/6
f 512/735/6 514/1196/6 513/736/6
f 516/738/6 518/1197/6 517/739/6
f 520/741/6 522/1198/6 521/742/6
f 524/744/6 526/1199/6 525/745/6
f 528/747/6 530/1200/6 529/748/6
f 532/750/6 534/1201/6 533/751/6
f 536/753/6 538/1202/6 546/754/6
f 545/756/6 549/1203/6 537/757/6
f 540/759/6 550/1204/6 542/760/6
f 539/762/6 544/1205/6 543/763/6
f 552/765/6 554/1206/6 562/766/6
f 561/768/6 565/1207/6 553/769/6
f 556/771/6 566/1208/6 558/772/6
f 555/774/6 560/1209/6 559/775/6
f 568/777/6 570/1210/6 569/778/6
f 572/777/6 574/1210/6 573/778/6
f 576/780/6 578/1211/6 577/781/6
f 580/780/6 582/1211/6 581/781/6
f 583/783/6 585/1212/6 584/784/6
f 587/786/6 589/1213/6 588/787/6
f 591/789/6 593/1214/6 592/790/6
f 595/792/6 597/1215/6 596/793/6
f 599/795/59 601/1216/59 600/796/59
f 606/798/59 603/1217/59 605/799/59
f 607/801/59 609/1218/59 608/802/59
f 611/804/59 613/1219/59 612/805/59
f 616/807/6 618/1220/6 617/808/6
f 620/810/6 622/1221/6 621/811/6
f 293/287/8 628/814/8 665/813/8
f 628/814/8 627/816/8 670/815/8
f 627/816/8 626/407/8 669/408/8
f 274/817/6 655/1222/6 656/818/6
f 625/820/6 624/1223/6 630/821/6
f 654/823/6 653/1224/6 649/824/6
f 295/154/4 626/407/4 634/826/4
f 634/826/4 626/407/4 627/816/4
f 633/827/4 627/816/4 628/814/4
f 634/826/7 673/829/7 650/828/7
f 633/827/7 672/830/7 673/829/7
f 632/163/7 671/162/7 672/830/7
f 320/399/8 646/832/8 666/831/8
f 646/832/8 645/834/8 678/833/8
f 645/834/8 644/409/8 677/410/8
f 294/155/4 279/157/4 644/409/4
f 637/835/4 644/409/4 645/834/4
f 636/836/4 645/834/4 646/832/4
f 315/837/6 662/1225/6 658/838/6
f 643/840/6 642/1225/6 639/841/6
f 661/843/6 660/1226/6 647/844/6
f 648/846/7 294/155/7 637/835/7
f 676/847/7 637/835/7 636/836/7
f 675/848/7 636/836/7 635/398/7
f 276/849/6 648/846/6 676/847/6
f 304/851/6 650/828/6 673/829/6
f 277/853/6 651/153/6 650/828/6
f 273/854/6 652/156/6 648/846/6
f 277/853/6 623/859/6 669/408/6
f 624/855/6 625/858/6 665/813/6
f 630/856/6 672/830/6 671/162/6
f 625/858/6 629/857/6 671/162/6
f 624/855/60 670/815/60 672/830/60
f 631/852/6 673/829/6 669/408/6
f 639/860/6 675/848/6 674/119/6
f 641/862/6 677/410/6 652/156/6
f 642/863/6 643/864/6 666/831/6
f 643/864/51 638/861/51 674/119/51
f 639/860/6 642/863/6 678/833/6
f 640/850/51 676/847/51 677/410/51
f 275/865/6 664/530/6 663/529/6
f 655/867/6 274/866/6 663/529/6
f 315/868/6 667/211/6 666/831/6
f 313/870/60 668/121/60 667/211/60
f 653/871/6 654/875/6 670/815/6
f 275/865/6 656/874/6 671/162/6
f 649/872/6 673/829/6 672/830/6
f 655/867/60 665/813/60 671/162/60
f 657/873/6 672/830/6 670/815/6
f 653/871/60 669/408/60 673/829/60
f 658/876/6 674/119/6 668/121/6
f 647/877/6 676/847/6 675/848/6
f 661/879/6 678/833/6 677/410/6
f 658/876/6 662/869/6 666/831/6
f 661/879/60 659/878/60 675/848/60
f 660/880/6 677/410/6 676/847/6
o counter.002
v -75.786110 -110.963860 75.000000
v -60.478771 -74.008675 75.000000
v -75.786110 -110.963860 0.000000
v -60.478771 -74.008675 30.000002
v -52.825111 -55.531090 0.000000
v -50.911690 -50.911690 25.000000
v -52.825111 -55.531090 3.500000
v 75.786110 -110.963860 74.999992
v 60.478779 -74.008675 74.999992
v 75.786110 -110.963860 0.000000
v 60.478779 -74.008675 29.999998
v 52.825108 -55.531094 0.000000
v 50.911690 -50.911690 24.999998
v 52.825108 -55.531094 3.500000
v -195.599457 87.243256 3.500000
v -192.333038 90.509666 25.000000
v -195.599457 87.243256 0.000000
v -208.665070 74.177635 30.000002
v -234.796341 48.046371 0.000000
v -208.665070 74.177635 75.000000
v -234.796341 48.046371 75.000000
v 234.796341 48.046371 0.000000
v 234.796341 48.046371 74.999992
v 208.665085 74.177628 74.999992
v 208.665085 74.177628 29.999998
v 195.599457 87.243256 0.000000
v 192.333038 90.509666 24.999998
v 195.599457 87.243256 3.500000
vn 0.1496 0.1496 0.9774
vn -0.7071 0.7071 -0.0000
vn 0.7071 0.7071 -0.0000
vn 0.6913 0.6913 -0.2101
vn -0.0000 0.9777 -0.2101
vn -0.0000 0.2116 0.9774
vn -0.7071 -0.7071 -0.0000
vn 0.7071 -0.7071 -0.0000
vn -0.6913 0.6913 -0.2101
vn -0.0000 -1.0000 -0.0000
vn -0.1496 0.1496 0.9774
vn -0.0000 1.0000 -0.0000
vn -0.0000 -0.0000 -1.0000
vn -0.0000 -0.0000 1.0000
vt 0.476396 1.000000
vt 0.726578 0.000742
vt 0.726578 1.000000
vt 0.519189 0.000000
vt 0.994804 1.000000
vt 0.519189 1.000000
vt -0.000000 0.000867
vt 0.036992 1.000000
vt 0.000000 1.000000
vt 0.959384 0.001455
vt 0.996437 1.000000
vt 0.959384 1.000000
vt 0.957703 0.001936
vt 0.725305 0.997604
vt 0.725305 0.002396
vt 0.475561 1.000000
vt 0.000000 0.000000
vt 0.997931 1.000000
vt 0.000000 1.000000
vt -0.000000 0.000000
vt 0.000000 1.000000
vt 0.997931 1.000000
vt 0.000000 0.000000
vt 0.997931 0.000000
vt 0.269417 0.002246
vt 0.269417 1.000000
vt 0.996813 1.000000
vt 0.000000 -0.000000
vt 0.996813 -0.000000
vt 0.957703 0.998064
vt 0.994691 0.001936
vt 0.994691 0.998064
vt 0.000000 1.000000
vt 0.246505 0.102106
vt 0.246505 1.000000
vt 0.000000 1.000000
vt 0.475562 0.000000
vt 0.611746 0.400000
vt 0.000000 1.000000
vt 0.917619 0.046667
vt 0.000000 0.000000
vt 0.994351 0.999867
vt 0.000000 1.000000
vt 0.611746 0.400000
vt 0.917619 0.046667
vt 0.993621 0.998371
vt 0.000000 0.000000
vt 0.993621 0.000000
vt 0.000000 1.000831
vt 0.996082 -0.000000
vt 0.996082 1.000000
vt 0.000000 0.102106
vt 0.246505 1.000000
vt -0.000000 1.000000
vt 0.000000 1.000000
vt 0.365719 0.151486
vt 0.365719 0.848514
vt 0.476396 -0.000000
vt 0.994804 0.000000
vt 0.036992 0.000867
vt 0.996437 0.001455
vt 0.997931 0.000000
vt -0.000000 1.000000
vt -0.000000 1.000000
vt -0.000000 -0.000000
vt 0.000000 0.000000
vt 0.611746 1.000000
vt 0.000000 -0.000000
vt 0.917619 0.000000
vt 0.994088 0.333333
vt 0.994351 0.000133
vt 0.917619 0.000000
vt 0.000000 0.000000
vt 0.994088 0.333333
vt 0.000000 1.000000
vt 0.246506 -0.000000
vt 0.000000 0.000000
s 0
f 696/1227/90 684/1228/90 694/1229/90
f 689/1230/91 702/1231/91 703/1232/91
f 690/1233/91 706/1234/91 704/1235/91
f 685/1236/92 695/1237/92 693/1238/92
f 693/1238/93 684/1228/93 685/1236/93
f 692/1239/94 684/1240/94 691/1241/94
f 682/1242/95 691/1241/95 684/1240/95
f 681/1243/96 699/1244/96 697/1245/96
f 680/1246/92 696/1227/92 698/1247/92
f 686/1248/97 700/1249/97 701/1250/97
f 706/1234/98 691/1251/98 705/1252/98
f 679/1253/99 688/1254/99 686/1255/99
f 703/1232/100 691/1251/100 689/1230/100
f 685/1256/101 690/1257/101 683/1258/101
f 700/1259/102 690/1260/102 704/1261/102
f 680/1262/101 689/1263/101 682/1242/101
f 703/1264/92 701/1265/92 706/1266/92
f 686/1267/103 680/1268/103 679/1262/103
f 699/1269/91 696/1270/91 693/1271/91
f 687/1272/103 701/1273/103 702/1274/103
f 680/1275/103 699/1276/103 679/1277/103
f 683/1278/102 697/1279/102 695/1280/102
f 688/1281/102 683/1282/102 690/1283/102
f 696/1227/90 682/1284/90 684/1228/90
f 689/1230/91 687/1285/91 702/1231/91
f 690/1233/91 692/1286/91 706/1234/91
f 685/1236/92 683/1287/92 695/1237/92
f 693/1238/93 694/1229/93 684/1228/93
f 692/1239/94 685/1256/94 684/1240/94
f 682/1242/95 689/1263/95 691/1241/95
f 681/1243/96 679/1288/96 699/1244/96
f 680/1246/92 682/1284/92 696/1227/92
f 686/1248/97 688/1289/97 700/1249/97
f 706/1234/98 692/1286/98 691/1251/98
f 679/1253/99 681/1290/99 688/1254/99
f 703/1232/100 705/1252/100 691/1251/100
f 685/1256/101 692/1239/101 690/1257/101
f 700/1259/102 688/1291/102 690/1260/102
f 680/1262/101 687/1292/101 689/1263/101
f 703/1264/92 702/1293/92 701/1265/92
f 701/1265/92 700/1294/92 704/1295/92
f 706/1266/92 705/1296/92 703/1264/92
f 701/1265/92 704/1295/92 706/1266/92
f 686/1267/103 687/1297/103 680/1268/103
f 695/1298/91 697/1299/91 699/1269/91
f 699/1269/91 698/1293/91 696/1270/91
f 696/1270/91 694/1300/91 693/1271/91
f 693/1271/91 695/1298/91 699/1269/91
f 687/1272/103 686/1301/103 701/1273/103
f 680/1275/103 698/1267/103 699/1276/103
f 683/1278/102 681/1302/102 697/1279/102
f 688/1281/102 681/1303/102 683/1282/102
